V0	Vf	V_sent	D	dt	triple_id	considered_samples
0.000000	0.000000	0.000000	0.000000	0.000000	0.000000	0.000000	1.000000
0.220000	0.020000	0.000000	12.600000	0.001000	1.000000	0.000000	1.000000
0.300000	0.000000	0.000000	23.700000	0.001003	2.000000	0.000000	1.000000
0.440000	0.000000	0.000000	32.800000	0.001000	3.000000	0.000000	1.000000
0.520000	0.000000	0.000000	52.700000	0.000998	4.000000	0.000000	1.000000
0.660000	0.000000	0.000000	65.400000	0.001500	5.000000	0.000000	1.000000
0.740000	0.000000	0.000000	92.500000	0.002005	6.000000	0.000000	1.000000
0.800000	0.040000	0.000000	135.220000	0.001987	7.000000	0.000000	1.000000
0.960000	0.000000	0.000000	143.100000	0.002001	8.000000	0.000000	1.000000
1.040000	0.000000	0.000000	182.200000	0.002484	9.000000	0.000000	1.000000
1.100000	0.040000	0.000000	240.920000	0.002998	10.000000	0.000000	1.000000
1.260000	0.000000	0.000000	250.800000	0.003000	11.000000	0.000000	1.000000
1.340000	0.000000	0.000000	301.900000	0.003500	12.000000	0.000000	1.000000
1.400000	0.040000	0.000000	376.620000	0.003999	13.000000	0.000000	1.000000
1.560000	0.000000	0.000000	388.500000	0.003502	14.000000	0.000000	1.000000
1.640000	0.000000	0.000000	451.600000	0.003499	15.000000	0.000000	1.000000
1.700000	0.040000	0.000000	542.320000	0.004500	16.000000	0.000000	1.000000
1.860000	0.000000	0.000000	556.200000	0.004501	17.000000	0.000000	1.000000
1.940000	0.000000	0.000000	631.300000	0.004498	18.000000	0.000000	1.000000
2.000000	0.040000	0.000000	738.020000	0.005000	19.000000	0.000000	1.000000
2.160000	0.000000	0.000000	753.900000	0.004999	20.000000	0.000000	1.000000
2.240000	0.000000	0.000000	841.000000	0.006001	21.000000	0.000000	1.000000
2.300000	0.040000	0.000000	963.720000	0.006506	22.000000	0.000000	1.000000
2.460000	0.000000	0.000000	981.600000	0.005507	23.000000	0.000000	1.000000
2.540000	0.000000	0.000000	1080.700000	0.006505	24.000000	0.000000	1.000000
2.600000	0.040000	0.000000	1219.420000	0.006498	25.000000	0.000000	1.000000
2.760000	0.000000	0.000000	1239.300000	0.007001	26.000000	0.000000	1.000000
2.840000	0.000000	0.000000	1350.400000	0.007015	27.000000	0.000000	1.000000
2.900000	0.040000	0.000000	1505.120000	0.006499	28.000000	0.000000	1.000000
3.060000	0.000000	0.000000	1527.000000	0.007491	29.000000	0.000000	1.000000
3.140000	0.000000	0.000000	1650.100000	0.008000	30.000000	0.000000	1.000000
3.200000	0.040000	0.000000	1820.820000	0.008500	31.000000	0.000000	1.000000
3.360000	0.000000	0.000000	1844.700000	0.008000	32.000000	0.000000	1.000000
3.440000	0.000000	0.000000	1979.800000	0.007999	33.000000	0.000000	1.000000
3.500000	0.040000	0.000000	2166.520000	0.008499	34.000000	0.000000	1.000000
3.660000	0.000000	0.000000	2192.400000	0.009000	35.000000	0.000000	1.000000
3.740000	0.000000	0.000000	2339.500000	0.008996	36.000000	0.000000	1.000000
3.800000	0.040000	0.000000	2542.220000	0.010003	37.000000	0.000000	1.000000
3.960000	0.000000	0.000000	2570.100000	0.009502	38.000000	0.000000	1.000000
4.040000	0.000000	0.000000	2729.200000	0.010001	39.000000	0.000000	1.000000
0.000000	0.060000	0.100000	0.060000	0.000499	40.000000	0.000000	1.000000
0.220000	0.140000	0.100000	8.320000	0.000000	41.000000	0.000000	1.000000
0.300000	0.120000	0.100000	20.220000	0.000500	42.000000	0.000000	1.000000
0.440000	0.120000	0.100000	29.320000	0.000500	43.000000	0.000000	1.000000
0.520000	0.120000	0.100000	49.220000	0.000999	44.000000	0.000000	1.000000
0.660000	0.120000	0.100000	61.920000	0.001500	45.000000	0.000000	1.000000
0.740000	0.120000	0.100000	89.020000	0.002000	46.000000	0.000000	1.000000
0.800000	0.100000	0.100000	133.280000	0.001500	47.000000	0.000000	1.000000
0.960000	0.120000	0.100000	139.620000	0.001999	48.000000	0.000000	1.000000
1.040000	0.120000	0.100000	178.720000	0.002008	49.000000	0.000000	1.000000
1.100000	0.100000	0.100000	238.980000	0.002500	50.000000	0.000000	1.000000
1.260000	0.120000	0.100000	247.320000	0.002499	51.000000	0.000000	1.000000
1.340000	0.120000	0.100000	298.420000	0.004007	52.000000	0.000000	1.000000
1.400000	0.100000	0.100000	374.680000	0.003501	53.000000	0.000000	1.000000
1.560000	0.120000	0.100000	385.020000	0.003500	54.000000	0.000000	1.000000
1.640000	0.120000	0.100000	448.120000	0.003502	55.000000	0.000000	1.000000
1.700000	0.100000	0.100000	540.380000	0.003997	56.000000	0.000000	1.000000
1.860000	0.120000	0.100000	552.720000	0.004502	57.000000	0.000000	1.000000
1.940000	0.120000	0.100000	627.820000	0.004499	58.000000	0.000000	1.000000
2.000000	0.100000	0.100000	736.080000	0.004500	59.000000	0.000000	1.000000
2.160000	0.120000	0.100000	750.420000	0.004965	60.000000	0.000000	1.000000
2.240000	0.120000	0.100000	837.520000	0.005501	61.000000	0.000000	1.000000
2.300000	0.100000	0.100000	961.780000	0.005500	62.000000	0.000000	1.000000
2.460000	0.120000	0.100000	978.120000	0.006501	63.000000	0.000000	1.000000
2.540000	0.120000	0.100000	1077.220000	0.006000	64.000000	0.000000	1.000000
2.600000	0.100000	0.100000	1217.480000	0.006500	65.000000	0.000000	1.000000
2.760000	0.120000	0.100000	1235.820000	0.006762	66.000000	0.000000	1.000000
2.840000	0.120000	0.100000	1346.920000	0.007501	67.000000	0.000000	1.000000
2.900000	0.100000	0.100000	1503.180000	0.006997	68.000000	0.000000	1.000000
3.060000	0.120000	0.100000	1523.520000	0.006999	69.000000	0.000000	1.000000
3.140000	0.120000	0.100000	1646.620000	0.007685	70.000000	0.000000	1.000000
3.200000	0.100000	0.100000	1818.880000	0.008008	71.000000	0.000000	1.000000
3.360000	0.120000	0.100000	1841.220000	0.008520	72.000000	0.000000	1.000000
3.440000	0.120000	0.100000	1976.320000	0.008500	73.000000	0.000000	1.000000
3.500000	0.100000	0.100000	2164.580000	0.009003	74.000000	0.000000	1.000000
3.660000	0.120000	0.100000	2188.920000	0.010002	75.000000	0.000000	1.000000
3.740000	0.120000	0.100000	2336.020000	0.009506	76.000000	0.000000	1.000000
3.800000	0.100000	0.100000	2540.280000	0.010005	77.000000	0.000000	1.000000
3.960000	0.120000	0.100000	2566.620000	0.009999	78.000000	0.000000	1.000000
4.040000	0.120000	0.100000	2725.720000	0.010003	79.000000	0.000000	1.000000
0.000000	0.180000	0.200000	3.780000	0.000499	80.000000	0.000000	1.000000
0.000000	0.180000	0.200000	3.780000	0.000000	81.000000	0.000000	1.000000
0.300000	0.240000	0.200000	11.940000	0.000000	82.000000	0.000000	1.000000
0.440000	0.240000	0.200000	21.040000	0.000500	83.000000	0.000000	1.000000
0.520000	0.240000	0.200000	40.940000	0.001005	84.000000	0.000000	1.000000
0.660000	0.240000	0.200000	53.640000	0.001000	85.000000	0.000000	1.000000
0.740000	0.240000	0.200000	80.740000	0.001491	86.000000	0.000000	1.000000
0.800000	0.220000	0.200000	125.800000	0.001995	87.000000	0.000000	1.000000
0.960000	0.240000	0.200000	131.340000	0.001487	88.000000	0.000000	1.000000
1.040000	0.240000	0.200000	170.440000	0.001994	89.000000	0.000000	1.000000
1.100000	0.220000	0.200000	231.500000	0.002500	90.000000	0.000000	1.000000
1.260000	0.240000	0.200000	239.040000	0.002500	91.000000	0.000000	1.000000
1.340000	0.240000	0.200000	290.140000	0.002499	92.000000	0.000000	1.000000
1.400000	0.220000	0.200000	367.200000	0.003001	93.000000	0.000000	1.000000
1.560000	0.240000	0.200000	376.740000	0.002999	94.000000	0.000000	1.000000
1.640000	0.240000	0.200000	439.840000	0.003500	95.000000	0.000000	1.000000
1.700000	0.220000	0.200000	532.900000	0.004001	96.000000	0.000000	1.000000
1.860000	0.240000	0.200000	544.440000	0.004001	97.000000	0.000000	1.000000
1.940000	0.240000	0.200000	619.540000	0.004500	98.000000	0.000000	1.000000
2.000000	0.220000	0.200000	728.600000	0.005000	99.000000	0.000000	1.000000
2.160000	0.240000	0.200000	742.140000	0.005003	100.000000	0.000000	1.000000
2.240000	0.240000	0.200000	829.240000	0.005485	101.000000	0.000000	1.000000
2.300000	0.220000	0.200000	954.300000	0.006506	102.000000	0.000000	1.000000
2.460000	0.240000	0.200000	969.840000	0.005000	103.000000	0.000000	1.000000
2.540000	0.240000	0.200000	1068.940000	0.005986	104.000000	0.000000	1.000000
2.600000	0.220000	0.200000	1210.000000	0.006500	105.000000	0.000000	1.000000
2.760000	0.240000	0.200000	1227.540000	0.007000	106.000000	0.000000	1.000000
2.840000	0.240000	0.200000	1338.640000	0.006499	107.000000	0.000000	1.000000
2.900000	0.220000	0.200000	1495.700000	0.007501	108.000000	0.000000	1.000000
3.060000	0.240000	0.200000	1515.240000	0.007001	109.000000	0.000000	1.000000
3.140000	0.240000	0.200000	1638.340000	0.007500	110.000000	0.000000	1.000000
3.200000	0.220000	0.200000	1811.400000	0.007998	111.000000	0.000000	1.000000
3.360000	0.240000	0.200000	1832.940000	0.007484	112.000000	0.000000	1.000000
3.440000	0.240000	0.200000	1968.040000	0.008500	113.000000	0.000000	1.000000
3.500000	0.220000	0.200000	2157.100000	0.009000	114.000000	0.000000	1.000000
3.660000	0.240000	0.200000	2180.640000	0.008000	115.000000	0.000000	1.000000
3.740000	0.240000	0.200000	2327.740000	0.009498	116.000000	0.000000	1.000000
3.800000	0.220000	0.200000	2532.800000	0.009997	117.000000	0.000000	1.000000
3.960000	0.240000	0.200000	2558.340000	0.009999	118.000000	0.000000	1.000000
4.040000	0.240000	0.200000	2717.440000	0.009999	119.000000	0.000000	1.000000
0.000000	0.300000	0.300000	12.300000	0.000502	120.000000	0.000000	1.000000
0.000000	0.300000	0.300000	12.300000	0.001008	121.000000	0.000000	1.000000
0.220000	0.260000	0.300000	8.440000	0.000500	122.000000	0.000000	1.000000
0.440000	0.300000	0.300000	15.100000	0.001004	123.000000	0.000000	1.000000
0.520000	0.300000	0.300000	35.000000	0.001000	124.000000	0.000000	1.000000
0.660000	0.300000	0.300000	47.700000	0.000499	125.000000	0.000000	1.000000
0.740000	0.300000	0.300000	74.800000	0.000999	126.000000	0.000000	1.000000
0.800000	0.340000	0.300000	113.520000	0.001498	127.000000	0.000000	1.000000
0.960000	0.300000	0.300000	125.400000	0.001997	128.000000	0.000000	1.000000
1.040000	0.300000	0.300000	164.500000	0.001998	129.000000	0.000000	1.000000
1.100000	0.340000	0.300000	219.220000	0.002501	130.000000	0.000000	1.000000
1.260000	0.300000	0.300000	233.100000	0.002000	131.000000	0.000000	1.000000
1.340000	0.300000	0.300000	284.200000	0.002496	132.000000	0.000000	1.000000
1.400000	0.340000	0.300000	354.920000	0.003002	133.000000	0.000000	1.000000
1.560000	0.300000	0.300000	370.800000	0.002999	134.000000	0.000000	1.000000
1.640000	0.300000	0.300000	433.900000	0.003500	135.000000	0.000000	1.000000
1.700000	0.340000	0.300000	520.620000	0.004000	136.000000	0.000000	1.000000
1.860000	0.300000	0.300000	538.500000	0.004000	137.000000	0.000000	1.000000
1.940000	0.300000	0.300000	613.600000	0.004499	138.000000	0.000000	1.000000
2.000000	0.340000	0.300000	716.320000	0.004998	139.000000	0.000000	1.000000
2.160000	0.300000	0.300000	736.200000	0.004689	140.000000	0.000000	1.000000
2.240000	0.300000	0.300000	823.300000	0.005001	141.000000	0.000000	1.000000
2.300000	0.340000	0.300000	942.020000	0.005003	142.000000	0.000000	1.000000
2.460000	0.300000	0.300000	963.900000	0.005513	143.000000	0.000000	1.000000
2.540000	0.300000	0.300000	1063.000000	0.006501	144.000000	0.000000	1.000000
2.600000	0.340000	0.300000	1197.720000	0.006500	145.000000	0.000000	1.000000
2.760000	0.300000	0.300000	1221.600000	0.006504	146.000000	0.000000	1.000000
2.840000	0.300000	0.300000	1332.700000	0.007003	147.000000	0.000000	1.000000
2.900000	0.340000	0.300000	1483.420000	0.007000	148.000000	0.000000	1.000000
3.060000	0.300000	0.300000	1509.300000	0.007001	149.000000	0.000000	1.000000
3.140000	0.300000	0.300000	1632.400000	0.007499	150.000000	0.000000	1.000000
3.200000	0.340000	0.300000	1799.120000	0.007998	151.000000	0.000000	1.000000
3.360000	0.300000	0.300000	1827.000000	0.009002	152.000000	0.000000	1.000000
3.440000	0.300000	0.300000	1962.100000	0.009000	153.000000	0.000000	1.000000
3.500000	0.340000	0.300000	2144.820000	0.009000	154.000000	0.000000	1.000000
3.660000	0.300000	0.300000	2174.700000	0.009501	155.000000	0.000000	1.000000
3.740000	0.300000	0.300000	2321.800000	0.009016	156.000000	0.000000	1.000000
3.800000	0.340000	0.300000	2520.520000	0.009998	157.000000	0.000000	1.000000
3.960000	0.300000	0.300000	2552.400000	0.010000	158.000000	0.000000	1.000000
4.040000	0.300000	0.300000	2711.500000	0.010000	159.000000	0.000000	1.000000
0.000000	0.360000	0.400000	18.360000	0.001500	160.000000	0.000000	1.000000
0.000000	0.360000	0.400000	18.360000	0.001001	161.000000	0.000000	1.000000
0.220000	0.380000	0.400000	20.160000	0.000510	162.000000	0.000000	1.000000
0.300000	0.360000	0.400000	12.060000	0.000500	163.000000	0.000000	1.000000
0.520000	0.420000	0.400000	19.520000	0.000000	164.000000	0.000000	1.000000
0.660000	0.420000	0.400000	32.220000	0.000501	165.000000	0.000000	1.000000
0.740000	0.420000	0.400000	59.320000	0.000999	166.000000	0.000000	1.000000
0.800000	0.400000	0.400000	105.580000	0.001499	167.000000	0.000000	1.000000
0.960000	0.420000	0.400000	109.920000	0.001502	168.000000	0.000000	1.000000
1.040000	0.420000	0.400000	149.020000	0.001498	169.000000	0.000000	1.000000
1.100000	0.400000	0.400000	211.280000	0.001999	170.000000	0.000000	1.000000
1.260000	0.420000	0.400000	217.620000	0.002499	171.000000	0.000000	1.000000
1.340000	0.420000	0.400000	268.720000	0.002500	172.000000	0.000000	1.000000
1.400000	0.400000	0.400000	346.980000	0.003000	173.000000	0.000000	1.000000
1.560000	0.420000	0.400000	355.320000	0.002999	174.000000	0.000000	1.000000
1.640000	0.420000	0.400000	418.420000	0.003483	175.000000	0.000000	1.000000
1.700000	0.400000	0.400000	512.680000	0.004002	176.000000	0.000000	1.000000
1.860000	0.420000	0.400000	523.020000	0.004001	177.000000	0.000000	1.000000
1.940000	0.420000	0.400000	598.120000	0.004500	178.000000	0.000000	1.000000
2.000000	0.400000	0.400000	708.380000	0.004518	179.000000	0.000000	1.000000
2.160000	0.420000	0.400000	720.720000	0.004499	180.000000	0.000000	1.000000
2.240000	0.420000	0.400000	807.820000	0.005499	181.000000	0.000000	1.000000
2.300000	0.400000	0.400000	934.080000	0.005335	182.000000	0.000000	1.000000
2.460000	0.420000	0.400000	948.420000	0.005500	183.000000	0.000000	1.000000
2.540000	0.420000	0.400000	1047.520000	0.006499	184.000000	0.000000	1.000000
2.600000	0.400000	0.400000	1189.780000	0.006001	185.000000	0.000000	1.000000
2.760000	0.420000	0.400000	1206.120000	0.006000	186.000000	0.000000	1.000000
2.840000	0.420000	0.400000	1317.220000	0.006499	187.000000	0.000000	1.000000
2.900000	0.400000	0.400000	1475.480000	0.007001	188.000000	0.000000	1.000000
3.060000	0.420000	0.400000	1493.820000	0.006999	189.000000	0.000000	1.000000
3.140000	0.420000	0.400000	1616.920000	0.008003	190.000000	0.000000	1.000000
3.200000	0.400000	0.400000	1791.180000	0.007999	191.000000	0.000000	1.000000
3.360000	0.420000	0.400000	1811.520000	0.008002	192.000000	0.000000	1.000000
3.440000	0.420000	0.400000	1946.620000	0.009000	193.000000	0.000000	1.000000
3.500000	0.400000	0.400000	2136.880000	0.008999	194.000000	0.000000	1.000000
3.660000	0.420000	0.400000	2159.220000	0.009499	195.000000	0.000000	1.000000
3.740000	0.420000	0.400000	2306.320000	0.010008	196.000000	0.000000	1.000000
3.800000	0.400000	0.400000	2512.580000	0.009006	197.000000	0.000000	1.000000
3.960000	0.420000	0.400000	2536.920000	0.009499	198.000000	0.000000	1.000000
4.040000	0.420000	0.400000	2696.020000	0.008994	199.000000	0.000000	1.000000
0.000000	0.480000	0.500000	34.080000	0.002001	200.000000	0.000000	1.000000
0.000000	0.480000	0.500000	34.080000	0.001500	201.000000	0.000000	1.000000
0.220000	0.500000	0.500000	36.680000	0.001000	202.000000	0.000000	1.000000
0.300000	0.480000	0.500000	27.780000	0.000501	203.000000	0.000000	1.000000
0.440000	0.480000	0.500000	23.680000	0.000499	204.000000	0.000000	1.000000
0.660000	0.540000	0.500000	11.940000	0.000516	205.000000	0.000000	1.000000
0.740000	0.540000	0.500000	39.040000	0.000500	206.000000	0.000000	1.000000
0.800000	0.520000	0.500000	86.100000	0.000501	207.000000	0.000000	1.000000
0.960000	0.540000	0.500000	89.640000	0.000500	208.000000	0.000000	1.000000
1.040000	0.540000	0.500000	128.740000	0.001500	209.000000	0.000000	1.000000
1.100000	0.520000	0.500000	191.800000	0.001499	210.000000	0.000000	1.000000
1.260000	0.540000	0.500000	197.340000	0.002501	211.000000	0.000000	1.000000
1.340000	0.540000	0.500000	248.440000	0.001983	212.000000	0.000000	1.000000
1.400000	0.520000	0.500000	327.500000	0.002514	213.000000	0.000000	1.000000
1.560000	0.540000	0.500000	335.040000	0.003000	214.000000	0.000000	1.000000
1.640000	0.540000	0.500000	398.140000	0.003000	215.000000	0.000000	1.000000
1.700000	0.520000	0.500000	493.200000	0.003491	216.000000	0.000000	1.000000
1.860000	0.540000	0.500000	502.740000	0.003489	217.000000	0.000000	1.000000
1.940000	0.540000	0.500000	577.840000	0.002999	218.000000	0.000000	1.000000
2.000000	0.520000	0.500000	688.900000	0.003999	219.000000	0.000000	1.000000
2.160000	0.540000	0.500000	700.440000	0.003999	220.000000	0.000000	1.000000
2.240000	0.540000	0.500000	787.540000	0.004498	221.000000	0.000000	1.000000
2.300000	0.520000	0.500000	914.600000	0.005001	222.000000	0.000000	1.000000
2.460000	0.540000	0.500000	928.140000	0.005499	223.000000	0.000000	1.000000
2.540000	0.540000	0.500000	1027.240000	0.006000	224.000000	0.000000	1.000000
2.600000	0.520000	0.500000	1170.300000	0.006001	225.000000	0.000000	1.000000
2.760000	0.540000	0.500000	1185.840000	0.005993	226.000000	0.000000	1.000000
2.840000	0.540000	0.500000	1296.940000	0.007500	227.000000	0.000000	1.000000
2.900000	0.520000	0.500000	1456.000000	0.007499	228.000000	0.000000	1.000000
3.060000	0.540000	0.500000	1473.540000	0.006500	229.000000	0.000000	1.000000
3.140000	0.540000	0.500000	1596.640000	0.007252	230.000000	0.000000	1.000000
3.200000	0.520000	0.500000	1771.700000	0.007999	231.000000	0.000000	1.000000
3.360000	0.540000	0.500000	1791.240000	0.008508	232.000000	0.000000	1.000000
3.440000	0.540000	0.500000	1926.340000	0.007998	233.000000	0.000000	1.000000
3.500000	0.520000	0.500000	2117.400000	0.008499	234.000000	0.000000	1.000000
3.660000	0.540000	0.500000	2138.940000	0.008501	235.000000	0.000000	1.000000
3.740000	0.540000	0.500000	2286.040000	0.009005	236.000000	0.000000	1.000000
3.800000	0.520000	0.500000	2493.100000	0.009999	237.000000	0.000000	1.000000
3.960000	0.540000	0.500000	2516.640000	0.011000	238.000000	0.000000	1.000000
4.040000	0.540000	0.500000	2675.740000	0.011000	239.000000	0.000000	1.000000
0.000000	0.600000	0.600000	54.600000	0.002000	240.000000	0.000000	1.000000
0.000000	0.600000	0.600000	54.600000	0.001502	241.000000	0.000000	1.000000
0.220000	0.560000	0.600000	46.740000	0.000500	242.000000	0.000000	1.000000
0.300000	0.600000	0.600000	48.300000	0.001499	243.000000	0.000000	1.000000
0.440000	0.600000	0.600000	44.200000	0.001000	244.000000	0.000000	1.000000
0.520000	0.600000	0.600000	30.500000	0.000000	245.000000	0.000000	1.000000
0.740000	0.600000	0.600000	27.100000	0.000500	246.000000	0.000000	1.000000
0.800000	0.640000	0.600000	61.820000	0.001510	247.000000	0.000000	1.000000
0.960000	0.600000	0.600000	77.700000	0.000985	248.000000	0.000000	1.000000
1.040000	0.600000	0.600000	116.800000	0.001000	249.000000	0.000000	1.000000
1.100000	0.640000	0.600000	167.520000	0.001501	250.000000	0.000000	1.000000
1.260000	0.600000	0.600000	185.400000	0.001508	251.000000	0.000000	1.000000
1.340000	0.600000	0.600000	236.500000	0.002500	252.000000	0.000000	1.000000
1.400000	0.640000	0.600000	303.220000	0.002505	253.000000	0.000000	1.000000
1.560000	0.600000	0.600000	323.100000	0.002507	254.000000	0.000000	1.000000
1.640000	0.600000	0.600000	386.200000	0.003000	255.000000	0.000000	1.000000
1.700000	0.640000	0.600000	468.920000	0.002985	256.000000	0.000000	1.000000
1.860000	0.600000	0.600000	490.800000	0.003508	257.000000	0.000000	1.000000
1.940000	0.600000	0.600000	565.900000	0.003993	258.000000	0.000000	1.000000
2.000000	0.640000	0.600000	664.620000	0.004000	259.000000	0.000000	1.000000
2.160000	0.600000	0.600000	688.500000	0.004495	260.000000	0.000000	1.000000
2.240000	0.600000	0.600000	775.600000	0.004999	261.000000	0.000000	1.000000
2.300000	0.640000	0.600000	890.320000	0.004500	262.000000	0.000000	1.000000
2.460000	0.600000	0.600000	916.200000	0.005000	263.000000	0.000000	1.000000
2.540000	0.600000	0.600000	1015.300000	0.006000	264.000000	0.000000	1.000000
2.600000	0.640000	0.600000	1146.020000	0.005499	265.000000	0.000000	1.000000
2.760000	0.600000	0.600000	1173.900000	0.006000	266.000000	0.000000	1.000000
2.840000	0.600000	0.600000	1285.000000	0.006500	267.000000	0.000000	1.000000
2.900000	0.640000	0.600000	1431.720000	0.007000	268.000000	0.000000	1.000000
3.060000	0.600000	0.600000	1461.600000	0.007501	269.000000	0.000000	1.000000
3.140000	0.600000	0.600000	1584.700000	0.007499	270.000000	0.000000	1.000000
3.200000	0.640000	0.600000	1747.420000	0.007999	271.000000	0.000000	1.000000
3.360000	0.600000	0.600000	1779.300000	0.007500	272.000000	0.000000	1.000000
3.440000	0.600000	0.600000	1914.400000	0.007998	273.000000	0.000000	1.000000
3.500000	0.640000	0.600000	2093.120000	0.009001	274.000000	0.000000	1.000000
3.660000	0.600000	0.600000	2127.000000	0.009001	275.000000	0.000000	1.000000
3.740000	0.600000	0.600000	2274.100000	0.009012	276.000000	0.000000	1.000000
3.800000	0.640000	0.600000	2468.820000	0.009500	277.000000	0.000000	1.000000
3.960000	0.600000	0.600000	2504.700000	0.009999	278.000000	0.000000	1.000000
4.040000	0.600000	0.600000	2663.800000	0.010000	279.000000	0.000000	1.000000
0.000000	0.660000	0.700000	66.660000	0.002000	280.000000	0.000000	1.000000
0.000000	0.660000	0.700000	66.660000	0.002000	281.000000	0.000000	1.000000
0.220000	0.680000	0.700000	70.460000	0.002000	282.000000	0.000000	1.000000
0.300000	0.660000	0.700000	60.360000	0.000493	283.000000	0.000000	1.000000
0.440000	0.660000	0.700000	56.260000	0.000500	284.000000	0.000000	1.000000
0.520000	0.660000	0.700000	42.560000	0.001500	285.000000	0.000000	1.000000
0.660000	0.660000	0.700000	34.860000	0.000500	286.000000	0.000000	1.000000
0.800000	0.700000	0.700000	47.880000	0.000500	287.000000	0.000000	1.000000
0.960000	0.720000	0.700000	50.220000	0.001002	288.000000	0.000000	1.000000
1.040000	0.720000	0.700000	89.320000	0.000498	289.000000	0.000000	1.000000
1.100000	0.700000	0.700000	153.580000	0.001500	290.000000	0.000000	1.000000
1.260000	0.720000	0.700000	157.920000	0.001000	291.000000	0.000000	1.000000
1.340000	0.720000	0.700000	209.020000	0.002000	292.000000	0.000000	1.000000
1.400000	0.700000	0.700000	289.280000	0.002501	293.000000	0.000000	1.000000
1.560000	0.720000	0.700000	295.620000	0.002016	294.000000	0.000000	1.000000
1.640000	0.720000	0.700000	358.720000	0.002500	295.000000	0.000000	1.000000
1.700000	0.700000	0.700000	454.980000	0.002501	296.000000	0.000000	1.000000
1.860000	0.720000	0.700000	463.320000	0.003000	297.000000	0.000000	1.000000
1.940000	0.720000	0.700000	538.420000	0.003500	298.000000	0.000000	1.000000
2.000000	0.700000	0.700000	650.680000	0.003999	299.000000	0.000000	1.000000
2.160000	0.720000	0.700000	661.020000	0.004000	300.000000	0.000000	1.000000
2.240000	0.720000	0.700000	748.120000	0.003999	301.000000	0.000000	1.000000
2.300000	0.700000	0.700000	876.380000	0.004500	302.000000	0.000000	1.000000
2.460000	0.720000	0.700000	888.720000	0.005500	303.000000	0.000000	1.000000
2.540000	0.720000	0.700000	987.820000	0.006000	304.000000	0.000000	1.000000
2.600000	0.700000	0.700000	1132.080000	0.005019	305.000000	0.000000	1.000000
2.760000	0.720000	0.700000	1146.420000	0.006001	306.000000	0.000000	1.000000
2.840000	0.720000	0.700000	1257.520000	0.006500	307.000000	0.000000	1.000000
2.900000	0.700000	0.700000	1417.780000	0.006997	308.000000	0.000000	1.000000
3.060000	0.720000	0.700000	1434.120000	0.006494	309.000000	0.000000	1.000000
3.140000	0.720000	0.700000	1557.220000	0.007499	310.000000	0.000000	1.000000
3.200000	0.700000	0.700000	1733.480000	0.008000	311.000000	0.000000	1.000000
3.360000	0.720000	0.700000	1751.820000	0.007500	312.000000	0.000000	1.000000
3.440000	0.720000	0.700000	1886.920000	0.008508	313.000000	0.000000	1.000000
3.500000	0.700000	0.700000	2079.180000	0.008998	314.000000	0.000000	1.000000
3.660000	0.720000	0.700000	2099.520000	0.008995	315.000000	0.000000	1.000000
3.740000	0.720000	0.700000	2246.620000	0.008501	316.000000	0.000000	1.000000
3.800000	0.700000	0.700000	2454.880000	0.009500	317.000000	0.000000	1.000000
3.960000	0.720000	0.700000	2477.220000	0.008989	318.000000	0.000000	1.000000
4.040000	0.720000	0.700000	2636.320000	0.009998	319.000000	0.000000	1.000000
0.000000	0.780000	0.800000	94.380000	0.002500	320.000000	0.000000	1.000000
0.000000	0.780000	0.800000	94.380000	0.002000	321.000000	0.000000	1.000000
0.220000	0.800000	0.800000	98.980000	0.002000	322.000000	0.000000	1.000000
0.300000	0.780000	0.800000	88.080000	0.001500	323.000000	0.000000	1.000000
0.440000	0.780000	0.800000	83.980000	0.001492	324.000000	0.000000	1.000000
0.520000	0.780000	0.800000	70.280000	0.001001	325.000000	0.000000	1.000000
0.660000	0.780000	0.800000	62.580000	0.001000	326.000000	0.000000	1.000000
0.740000	0.780000	0.800000	41.680000	0.000500	327.000000	0.000000	1.000000
0.960000	0.840000	0.800000	17.940000	0.000000	328.000000	0.000000	1.000000
1.040000	0.840000	0.800000	57.040000	0.000500	329.000000	0.000000	1.000000
1.100000	0.820000	0.800000	122.100000	0.001500	330.000000	0.000000	1.000000
1.260000	0.840000	0.800000	125.640000	0.001498	331.000000	0.000000	1.000000
1.340000	0.840000	0.800000	176.740000	0.001499	332.000000	0.000000	1.000000
1.400000	0.820000	0.800000	257.800000	0.002000	333.000000	0.000000	1.000000
1.560000	0.840000	0.800000	263.340000	0.002501	334.000000	0.000000	1.000000
1.640000	0.840000	0.800000	326.440000	0.002292	335.000000	0.000000	1.000000
1.700000	0.820000	0.800000	423.500000	0.003044	336.000000	0.000000	1.000000
1.860000	0.840000	0.800000	431.040000	0.003005	337.000000	0.000000	1.000000
1.940000	0.840000	0.800000	506.140000	0.003496	338.000000	0.000000	1.000000
2.000000	0.820000	0.800000	619.200000	0.003999	339.000000	0.000000	1.000000
2.160000	0.840000	0.800000	628.740000	0.004000	340.000000	0.000000	1.000000
2.240000	0.840000	0.800000	715.840000	0.004000	341.000000	0.000000	1.000000
2.300000	0.820000	0.800000	844.900000	0.005002	342.000000	0.000000	1.000000
2.460000	0.840000	0.800000	856.440000	0.003996	343.000000	0.000000	1.000000
2.540000	0.840000	0.800000	955.540000	0.005003	344.000000	0.000000	1.000000
2.600000	0.820000	0.800000	1100.600000	0.005500	345.000000	0.000000	1.000000
2.760000	0.840000	0.800000	1114.140000	0.005500	346.000000	0.000000	1.000000
2.840000	0.840000	0.800000	1225.240000	0.006502	347.000000	0.000000	1.000000
2.900000	0.820000	0.800000	1386.300000	0.007001	348.000000	0.000000	1.000000
3.060000	0.840000	0.800000	1401.840000	0.005994	349.000000	0.000000	1.000000
3.140000	0.840000	0.800000	1524.940000	0.007006	350.000000	0.000000	1.000000
3.200000	0.820000	0.800000	1702.000000	0.007999	351.000000	0.000000	1.000000
3.360000	0.840000	0.800000	1719.540000	0.007498	352.000000	0.000000	1.000000
3.440000	0.840000	0.800000	1854.640000	0.007997	353.000000	0.000000	1.000000
3.500000	0.820000	0.800000	2047.700000	0.008998	354.000000	0.000000	1.000000
3.660000	0.840000	0.800000	2067.240000	0.008503	355.000000	0.000000	1.000000
3.740000	0.840000	0.800000	2214.340000	0.008500	356.000000	0.000000	1.000000
3.800000	0.820000	0.800000	2423.400000	0.008999	357.000000	0.000000	1.000000
3.960000	0.840000	0.800000	2444.940000	0.009001	358.000000	0.000000	1.000000
4.040000	0.840000	0.800000	2604.040000	0.009514	359.000000	0.000000	1.000000
0.000000	0.900000	0.900000	126.900000	0.002502	360.000000	0.000000	1.000000
0.000000	0.900000	0.900000	126.900000	0.002499	361.000000	0.000000	1.000000
0.220000	0.860000	0.900000	115.040000	0.002506	362.000000	0.000000	1.000000
0.300000	0.900000	0.900000	120.600000	0.002000	363.000000	0.000000	1.000000
0.440000	0.900000	0.900000	116.500000	0.002001	364.000000	0.000000	1.000000
0.520000	0.900000	0.900000	102.800000	0.000999	365.000000	0.000000	1.000000
0.660000	0.900000	0.900000	95.100000	0.001000	366.000000	0.000000	1.000000
0.740000	0.900000	0.900000	74.200000	0.001001	367.000000	0.000000	1.000000
0.800000	0.880000	0.900000	32.860000	0.000000	368.000000	0.000000	1.000000
1.040000	0.900000	0.900000	39.100000	0.000999	369.000000	0.000000	1.000000
1.100000	0.940000	0.900000	85.820000	0.000500	370.000000	0.000000	1.000000
1.260000	0.900000	0.900000	107.700000	0.001501	371.000000	0.000000	1.000000
1.340000	0.900000	0.900000	158.800000	0.001001	372.000000	0.000000	1.000000
1.400000	0.940000	0.900000	221.520000	0.001505	373.000000	0.000000	1.000000
1.560000	0.900000	0.900000	245.400000	0.001999	374.000000	0.000000	1.000000
1.640000	0.900000	0.900000	308.500000	0.002000	375.000000	0.000000	1.000000
1.700000	0.940000	0.900000	387.220000	0.002500	376.000000	0.000000	1.000000
1.860000	0.900000	0.900000	413.100000	0.002999	377.000000	0.000000	1.000000
1.940000	0.900000	0.900000	488.200000	0.003000	378.000000	0.000000	1.000000
2.000000	0.940000	0.900000	582.920000	0.003501	379.000000	0.000000	1.000000
2.160000	0.900000	0.900000	610.800000	0.003501	380.000000	0.000000	1.000000
2.240000	0.900000	0.900000	697.900000	0.004499	381.000000	0.000000	1.000000
2.300000	0.940000	0.900000	808.620000	0.004500	382.000000	0.000000	1.000000
2.460000	0.900000	0.900000	838.500000	0.004758	383.000000	0.000000	1.000000
2.540000	0.900000	0.900000	937.600000	0.005498	384.000000	0.000000	1.000000
2.600000	0.940000	0.900000	1064.320000	0.005500	385.000000	0.000000	1.000000
2.760000	0.900000	0.900000	1096.200000	0.005500	386.000000	0.000000	1.000000
2.840000	0.900000	0.900000	1207.300000	0.006000	387.000000	0.000000	1.000000
2.900000	0.940000	0.900000	1350.020000	0.006002	388.000000	0.000000	1.000000
3.060000	0.900000	0.900000	1383.900000	0.006499	389.000000	0.000000	1.000000
3.140000	0.900000	0.900000	1507.000000	0.006501	390.000000	0.000000	1.000000
3.200000	0.940000	0.900000	1665.720000	0.007500	391.000000	0.000000	1.000000
3.360000	0.900000	0.900000	1701.600000	0.007503	392.000000	0.000000	1.000000
3.440000	0.900000	0.900000	1836.700000	0.007501	393.000000	0.000000	1.000000
3.500000	0.940000	0.900000	2011.420000	0.008500	394.000000	0.000000	1.000000
3.660000	0.900000	0.900000	2049.300000	0.008497	395.000000	0.000000	1.000000
3.740000	0.900000	0.900000	2196.400000	0.008999	396.000000	0.000000	1.000000
3.800000	0.940000	0.900000	2387.120000	0.008985	397.000000	0.000000	1.000000
3.960000	0.900000	0.900000	2427.000000	0.008997	398.000000	0.000000	1.000000
4.040000	0.900000	0.900000	2586.100000	0.009501	399.000000	0.000000	1.000000
0.000000	0.960000	1.000000	144.960000	0.003505	400.000000	0.000000	1.000000
0.000000	0.960000	1.000000	144.960000	0.002998	401.000000	0.000000	1.000000
0.220000	0.980000	1.000000	150.760000	0.002991	402.000000	0.000000	1.000000
0.300000	0.960000	1.000000	138.660000	0.001999	403.000000	0.000000	1.000000
0.440000	0.960000	1.000000	134.560000	0.002000	404.000000	0.000000	1.000000
0.520000	0.960000	1.000000	120.860000	0.001501	405.000000	0.000000	1.000000
0.660000	0.960000	1.000000	113.160000	0.001998	406.000000	0.000000	1.000000
0.740000	0.960000	1.000000	92.260000	0.000500	407.000000	0.000000	1.000000
0.800000	1.000000	1.000000	69.380000	0.001000	408.000000	0.000000	1.000000
0.960000	0.960000	1.000000	52.860000	0.001003	409.000000	0.000000	1.000000
1.100000	1.000000	1.000000	65.880000	0.000000	410.000000	0.000000	1.000000
1.260000	1.020000	1.000000	68.220000	0.001001	411.000000	0.000000	1.000000
1.340000	1.020000	1.000000	119.320000	0.001500	412.000000	0.000000	1.000000
1.400000	1.000000	1.000000	201.580000	0.002015	413.000000	0.000000	1.000000
1.560000	1.020000	1.000000	205.920000	0.001000	414.000000	0.000000	1.000000
1.640000	1.020000	1.000000	269.020000	0.002001	415.000000	0.000000	1.000000
1.700000	1.000000	1.000000	367.280000	0.001999	416.000000	0.000000	1.000000
1.860000	1.020000	1.000000	373.620000	0.002499	417.000000	0.000000	1.000000
1.940000	1.020000	1.000000	448.720000	0.002506	418.000000	0.000000	1.000000
2.000000	1.000000	1.000000	562.980000	0.002998	419.000000	0.000000	1.000000
2.160000	1.020000	1.000000	571.320000	0.003499	420.000000	0.000000	1.000000
2.240000	1.020000	1.000000	658.420000	0.004000	421.000000	0.000000	1.000000
2.300000	1.000000	1.000000	788.680000	0.003998	422.000000	0.000000	1.000000
2.460000	1.020000	1.000000	799.020000	0.003997	423.000000	0.000000	1.000000
2.540000	1.020000	1.000000	898.120000	0.004494	424.000000	0.000000	1.000000
2.600000	1.000000	1.000000	1044.380000	0.005512	425.000000	0.000000	1.000000
2.760000	1.020000	1.000000	1056.720000	0.005000	426.000000	0.000000	1.000000
2.840000	1.020000	1.000000	1167.820000	0.005501	427.000000	0.000000	1.000000
2.900000	1.000000	1.000000	1330.080000	0.006502	428.000000	0.000000	1.000000
3.060000	1.020000	1.000000	1344.420000	0.006002	429.000000	0.000000	1.000000
3.140000	1.020000	1.000000	1467.520000	0.006985	430.000000	0.000000	1.000000
3.200000	1.000000	1.000000	1645.780000	0.007000	431.000000	0.000000	1.000000
3.360000	1.020000	1.000000	1662.120000	0.007502	432.000000	0.000000	1.000000
3.440000	1.020000	1.000000	1797.220000	0.007499	433.000000	0.000000	1.000000
3.500000	1.000000	1.000000	1991.480000	0.007502	434.000000	0.000000	1.000000
3.660000	1.020000	1.000000	2009.820000	0.007990	435.000000	0.000000	1.000000
3.740000	1.020000	1.000000	2156.920000	0.007998	436.000000	0.000000	1.000000
3.800000	1.000000	1.000000	2367.180000	0.009001	437.000000	0.000000	1.000000
3.960000	1.020000	1.000000	2387.520000	0.009001	438.000000	0.000000	1.000000
4.040000	1.020000	1.000000	2546.620000	0.009506	439.000000	0.000000	1.000000
0.000000	1.080000	1.100000	184.680000	0.003497	440.000000	0.000000	1.000000
0.000000	1.080000	1.100000	184.680000	0.003500	441.000000	0.000000	1.000000
0.220000	1.100000	1.100000	191.280000	0.003517	442.000000	0.000000	1.000000
0.300000	1.080000	1.100000	178.380000	0.002511	443.000000	0.000000	1.000000
0.440000	1.080000	1.100000	174.280000	0.003002	444.000000	0.000000	1.000000
0.520000	1.080000	1.100000	160.580000	0.002002	445.000000	0.000000	1.000000
0.660000	1.080000	1.100000	152.880000	0.002001	446.000000	0.000000	1.000000
0.740000	1.080000	1.100000	131.980000	0.001000	447.000000	0.000000	1.000000
0.800000	1.060000	1.100000	89.440000	0.001000	448.000000	0.000000	1.000000
0.960000	1.080000	1.100000	92.580000	0.000500	449.000000	0.000000	1.000000
1.040000	1.080000	1.100000	59.680000	0.000499	450.000000	0.000000	1.000000
1.260000	1.140000	1.100000	23.940000	0.000500	451.000000	0.000000	1.000000
1.340000	1.140000	1.100000	75.040000	0.000500	452.000000	0.000000	1.000000
1.400000	1.120000	1.100000	158.100000	0.001500	453.000000	0.000000	1.000000
1.560000	1.140000	1.100000	161.640000	0.001000	454.000000	0.000000	1.000000
1.640000	1.140000	1.100000	224.740000	0.000999	455.000000	0.000000	1.000000
1.700000	1.120000	1.100000	323.800000	0.002001	456.000000	0.000000	1.000000
1.860000	1.140000	1.100000	329.340000	0.001999	457.000000	0.000000	1.000000
1.940000	1.140000	1.100000	404.440000	0.003004	458.000000	0.000000	1.000000
2.000000	1.120000	1.100000	519.500000	0.002485	459.000000	0.000000	1.000000
2.160000	1.140000	1.100000	527.040000	0.002516	460.000000	0.000000	1.000000
2.240000	1.140000	1.100000	614.140000	0.003507	461.000000	0.000000	1.000000
2.300000	1.120000	1.100000	745.200000	0.005001	462.000000	0.000000	1.000000
2.460000	1.140000	1.100000	754.740000	0.003987	463.000000	0.000000	1.000000
2.540000	1.140000	1.100000	853.840000	0.005002	464.000000	0.000000	1.000000
2.600000	1.120000	1.100000	1000.900000	0.005491	465.000000	0.000000	1.000000
2.760000	1.140000	1.100000	1012.440000	0.004999	466.000000	0.000000	1.000000
2.840000	1.140000	1.100000	1123.540000	0.005002	467.000000	0.000000	1.000000
2.900000	1.120000	1.100000	1286.600000	0.005998	468.000000	0.000000	1.000000
3.060000	1.140000	1.100000	1300.140000	0.006000	469.000000	0.000000	1.000000
3.140000	1.140000	1.100000	1423.240000	0.006501	470.000000	0.000000	1.000000
3.200000	1.120000	1.100000	1602.300000	0.007504	471.000000	0.000000	1.000000
3.360000	1.140000	1.100000	1617.840000	0.007501	472.000000	0.000000	1.000000
3.440000	1.140000	1.100000	1752.940000	0.006998	473.000000	0.000000	1.000000
3.500000	1.120000	1.100000	1948.000000	0.008001	474.000000	0.000000	1.000000
3.660000	1.140000	1.100000	1965.540000	0.007502	475.000000	0.000000	1.000000
3.740000	1.140000	1.100000	2112.640000	0.007991	476.000000	0.000000	1.000000
3.800000	1.120000	1.100000	2323.700000	0.009001	477.000000	0.000000	1.000000
3.960000	1.140000	1.100000	2343.240000	0.009000	478.000000	0.000000	1.000000
4.040000	1.140000	1.100000	2502.340000	0.010003	479.000000	0.000000	1.000000
0.000000	1.200000	1.200000	229.200000	0.004500	480.000000	0.000000	1.000000
0.000000	1.200000	1.200000	229.200000	0.003983	481.000000	0.000000	1.000000
0.220000	1.160000	1.200000	213.340000	0.003497	482.000000	0.000000	1.000000
0.300000	1.200000	1.200000	222.900000	0.003498	483.000000	0.000000	1.000000
0.440000	1.200000	1.200000	218.800000	0.003000	484.000000	0.000000	1.000000
0.520000	1.200000	1.200000	205.100000	0.002502	485.000000	0.000000	1.000000
0.660000	1.200000	1.200000	197.400000	0.002001	486.000000	0.000000	1.000000
0.740000	1.200000	1.200000	176.500000	0.002000	487.000000	0.000000	1.000000
0.800000	1.180000	1.200000	133.160000	0.000500	488.000000	0.000000	1.000000
0.960000	1.200000	1.200000	137.100000	0.001000	489.000000	0.000000	1.000000
1.040000	1.200000	1.200000	104.200000	0.000499	490.000000	0.000000	1.000000
1.100000	1.180000	1.200000	44.860000	0.000000	491.000000	0.000000	1.000000
1.340000	1.200000	1.200000	51.100000	0.000000	492.000000	0.000000	1.000000
1.400000	1.240000	1.200000	109.820000	0.000499	493.000000	0.000000	1.000000
1.560000	1.200000	1.200000	137.700000	0.000499	494.000000	0.000000	1.000000
1.640000	1.200000	1.200000	200.800000	0.001500	495.000000	0.000000	1.000000
1.700000	1.240000	1.200000	275.520000	0.001982	496.000000	0.000000	1.000000
1.860000	1.200000	1.200000	305.400000	0.002014	497.000000	0.000000	1.000000
1.940000	1.200000	1.200000	380.500000	0.002498	498.000000	0.000000	1.000000
2.000000	1.240000	1.200000	471.220000	0.003000	499.000000	0.000000	1.000000
2.160000	1.200000	1.200000	503.100000	0.003002	500.000000	0.000000	1.000000
2.240000	1.200000	1.200000	590.200000	0.003001	501.000000	0.000000	1.000000
2.300000	1.240000	1.200000	696.920000	0.004000	502.000000	0.000000	1.000000
2.460000	1.200000	1.200000	730.800000	0.003988	503.000000	0.000000	1.000000
2.540000	1.200000	1.200000	829.900000	0.005001	504.000000	0.000000	1.000000
2.600000	1.240000	1.200000	952.620000	0.005508	505.000000	0.000000	1.000000
2.760000	1.200000	1.200000	988.500000	0.005000	506.000000	0.000000	1.000000
2.840000	1.200000	1.200000	1099.600000	0.005501	507.000000	0.000000	1.000000
2.900000	1.240000	1.200000	1238.320000	0.005500	508.000000	0.000000	1.000000
3.060000	1.200000	1.200000	1276.200000	0.005500	509.000000	0.000000	1.000000
3.140000	1.200000	1.200000	1399.300000	0.006501	510.000000	0.000000	1.000000
3.200000	1.240000	1.200000	1554.020000	0.006999	511.000000	0.000000	1.000000
3.360000	1.200000	1.200000	1593.900000	0.006499	512.000000	0.000000	1.000000
3.440000	1.200000	1.200000	1729.000000	0.007514	513.000000	0.000000	1.000000
3.500000	1.240000	1.200000	1899.720000	0.008002	514.000000	0.000000	1.000000
3.660000	1.200000	1.200000	1941.600000	0.008496	515.000000	0.000000	1.000000
3.740000	1.200000	1.200000	2088.700000	0.008995	516.000000	0.000000	1.000000
3.800000	1.240000	1.200000	2275.420000	0.008500	517.000000	0.000000	1.000000
3.960000	1.200000	1.200000	2319.300000	0.008997	518.000000	0.000000	1.000000
4.040000	1.200000	1.200000	2478.400000	0.009001	519.000000	0.000000	1.000000
0.000000	1.260000	1.300000	253.260000	0.005010	520.000000	0.000000	1.000000
0.000000	1.260000	1.300000	253.260000	0.003991	521.000000	0.000000	1.000000
0.220000	1.280000	1.300000	261.060000	0.003501	522.000000	0.000000	1.000000
0.300000	1.260000	1.300000	246.960000	0.002999	523.000000	0.000000	1.000000
0.440000	1.260000	1.300000	242.860000	0.003000	524.000000	0.000000	1.000000
0.520000	1.260000	1.300000	229.160000	0.003000	525.000000	0.000000	1.000000
0.660000	1.260000	1.300000	221.460000	0.002501	526.000000	0.000000	1.000000
0.740000	1.260000	1.300000	200.560000	0.002501	527.000000	0.000000	1.000000
0.800000	1.300000	1.300000	181.680000	0.001484	528.000000	0.000000	1.000000
0.960000	1.260000	1.300000	161.160000	0.002001	529.000000	0.000000	1.000000
1.040000	1.260000	1.300000	128.260000	0.001500	530.000000	0.000000	1.000000
1.100000	1.300000	1.300000	93.380000	0.001000	531.000000	0.000000	1.000000
1.260000	1.260000	1.300000	70.860000	0.001000	532.000000	0.000000	1.000000
1.400000	1.300000	1.300000	83.880000	0.000501	533.000000	0.000000	1.000000
1.560000	1.320000	1.300000	86.220000	0.001009	534.000000	0.000000	1.000000
1.640000	1.320000	1.300000	149.320000	0.001001	535.000000	0.000000	1.000000
1.700000	1.300000	1.300000	249.580000	0.002001	536.000000	0.000000	1.000000
1.860000	1.320000	1.300000	253.920000	0.001496	537.000000	0.000000	1.000000
1.940000	1.320000	1.300000	329.020000	0.002509	538.000000	0.000000	1.000000
2.000000	1.300000	1.300000	445.280000	0.002500	539.000000	0.000000	1.000000
2.160000	1.320000	1.300000	451.620000	0.002000	540.000000	0.000000	1.000000
2.240000	1.320000	1.300000	538.720000	0.003499	541.000000	0.000000	1.000000
2.300000	1.300000	1.300000	670.980000	0.004001	542.000000	0.000000	1.000000
2.460000	1.320000	1.300000	679.320000	0.003484	543.000000	0.000000	1.000000
2.540000	1.320000	1.300000	778.420000	0.004500	544.000000	0.000000	1.000000
2.600000	1.300000	1.300000	926.680000	0.004999	545.000000	0.000000	1.000000
2.760000	1.320000	1.300000	937.020000	0.004501	546.000000	0.000000	1.000000
2.840000	1.320000	1.300000	1048.120000	0.004999	547.000000	0.000000	1.000000
2.900000	1.300000	1.300000	1212.380000	0.006000	548.000000	0.000000	1.000000
3.060000	1.320000	1.300000	1224.720000	0.005499	549.000000	0.000000	1.000000
3.140000	1.320000	1.300000	1347.820000	0.005499	550.000000	0.000000	1.000000
3.200000	1.300000	1.300000	1528.080000	0.007002	551.000000	0.000000	1.000000
3.360000	1.320000	1.300000	1542.420000	0.007000	552.000000	0.000000	1.000000
3.440000	1.320000	1.300000	1677.520000	0.007278	553.000000	0.000000	1.000000
3.500000	1.300000	1.300000	1873.780000	0.007492	554.000000	0.000000	1.000000
3.660000	1.320000	1.300000	1890.120000	0.008499	555.000000	0.000000	1.000000
3.740000	1.320000	1.300000	2037.220000	0.008504	556.000000	0.000000	1.000000
3.800000	1.300000	1.300000	2249.480000	0.009001	557.000000	0.000000	1.000000
3.960000	1.320000	1.300000	2267.820000	0.008500	558.000000	0.000000	1.000000
4.040000	1.320000	1.300000	2426.920000	0.008999	559.000000	0.000000	1.000000
0.000000	1.380000	1.400000	304.980000	0.004500	560.000000	0.000000	1.000000
0.000000	1.380000	1.400000	304.980000	0.004500	561.000000	0.000000	1.000000
0.220000	1.400000	1.400000	313.580000	0.004500	562.000000	0.000000	1.000000
0.300000	1.380000	1.400000	298.680000	0.005001	563.000000	0.000000	1.000000
0.440000	1.380000	1.400000	294.580000	0.003486	564.000000	0.000000	1.000000
0.520000	1.380000	1.400000	280.880000	0.003001	565.000000	0.000000	1.000000
0.660000	1.380000	1.400000	273.180000	0.003500	566.000000	0.000000	1.000000
0.740000	1.380000	1.400000	252.280000	0.003012	567.000000	0.000000	1.000000
0.800000	1.360000	1.400000	207.740000	0.001996	568.000000	0.000000	1.000000
0.960000	1.380000	1.400000	212.880000	0.001987	569.000000	0.000000	1.000000
1.040000	1.380000	1.400000	179.980000	0.001500	570.000000	0.000000	1.000000
1.100000	1.360000	1.400000	119.440000	0.001000	571.000000	0.000000	1.000000
1.260000	1.380000	1.400000	122.580000	0.002000	572.000000	0.000000	1.000000
1.340000	1.380000	1.400000	77.680000	0.000500	573.000000	0.000000	1.000000
1.560000	1.440000	1.400000	29.940000	0.000499	574.000000	0.000000	1.000000
1.640000	1.440000	1.400000	93.040000	0.001001	575.000000	0.000000	1.000000
1.700000	1.420000	1.400000	194.100000	0.001000	576.000000	0.000000	1.000000
1.860000	1.440000	1.400000	197.640000	0.001501	577.000000	0.000000	1.000000
1.940000	1.440000	1.400000	272.740000	0.001999	578.000000	0.000000	1.000000
2.000000	1.420000	1.400000	389.800000	0.002501	579.000000	0.000000	1.000000
2.160000	1.440000	1.400000	395.340000	0.002500	580.000000	0.000000	1.000000
2.240000	1.440000	1.400000	482.440000	0.002502	581.000000	0.000000	1.000000
2.300000	1.420000	1.400000	615.500000	0.003501	582.000000	0.000000	1.000000
2.460000	1.440000	1.400000	623.040000	0.003000	583.000000	0.000000	1.000000
2.540000	1.440000	1.400000	722.140000	0.004999	584.000000	0.000000	1.000000
2.600000	1.420000	1.400000	871.200000	0.004499	585.000000	0.000000	1.000000
2.760000	1.440000	1.400000	880.740000	0.004500	586.000000	0.000000	1.000000
2.840000	1.440000	1.400000	991.840000	0.005502	587.000000	0.000000	1.000000
2.900000	1.420000	1.400000	1156.900000	0.005000	588.000000	0.000000	1.000000
3.060000	1.440000	1.400000	1168.440000	0.005508	589.000000	0.000000	1.000000
3.140000	1.440000	1.400000	1291.540000	0.006000	590.000000	0.000000	1.000000
3.200000	1.420000	1.400000	1472.600000	0.006998	591.000000	0.000000	1.000000
3.360000	1.440000	1.400000	1486.140000	0.006001	592.000000	0.000000	1.000000
3.440000	1.440000	1.400000	1621.240000	0.006999	593.000000	0.000000	1.000000
3.500000	1.420000	1.400000	1818.300000	0.008005	594.000000	0.000000	1.000000
3.660000	1.440000	1.400000	1833.840000	0.007498	595.000000	0.000000	1.000000
3.740000	1.440000	1.400000	1980.940000	0.007988	596.000000	0.000000	1.000000
3.800000	1.420000	1.400000	2194.000000	0.008000	597.000000	0.000000	1.000000
3.960000	1.440000	1.400000	2211.540000	0.008501	598.000000	0.000000	1.000000
4.040000	1.440000	1.400000	2370.640000	0.009001	599.000000	0.000000	1.000000
0.000000	1.500000	1.500000	361.500000	0.005514	600.000000	0.000000	1.000000
0.000000	1.500000	1.500000	361.500000	0.004499	601.000000	0.000000	1.000000
0.220000	1.460000	1.500000	341.640000	0.004500	602.000000	0.000000	1.000000
0.300000	1.500000	1.500000	355.200000	0.005012	603.000000	0.000000	1.000000
0.440000	1.500000	1.500000	351.100000	0.004500	604.000000	0.000000	1.000000
0.520000	1.500000	1.500000	337.400000	0.003493	605.000000	0.000000	1.000000
0.660000	1.500000	1.500000	329.700000	0.003495	606.000000	0.000000	1.000000
0.740000	1.500000	1.500000	308.800000	0.004001	607.000000	0.000000	1.000000
0.800000	1.480000	1.500000	263.460000	0.002500	608.000000	0.000000	1.000000
0.960000	1.500000	1.500000	269.400000	0.002000	609.000000	0.000000	1.000000
1.040000	1.500000	1.500000	236.500000	0.002000	610.000000	0.000000	1.000000
1.100000	1.480000	1.500000	175.160000	0.001000	611.000000	0.000000	1.000000
1.260000	1.500000	1.500000	179.100000	0.001006	612.000000	0.000000	1.000000
1.340000	1.500000	1.500000	134.200000	0.000999	613.000000	0.000000	1.000000
1.400000	1.480000	1.500000	56.860000	0.000501	614.000000	0.000000	1.000000
1.640000	1.500000	1.500000	63.100000	0.000499	615.000000	0.000000	1.000000
1.700000	1.540000	1.500000	133.820000	0.001500	616.000000	0.000000	1.000000
1.860000	1.500000	1.500000	167.700000	0.000500	617.000000	0.000000	1.000000
1.940000	1.500000	1.500000	242.800000	0.001501	618.000000	0.000000	1.000000
2.000000	1.540000	1.500000	329.520000	0.002000	619.000000	0.000000	1.000000
2.160000	1.500000	1.500000	365.400000	0.001999	620.000000	0.000000	1.000000
2.240000	1.500000	1.500000	452.500000	0.002500	621.000000	0.000000	1.000000
2.300000	1.540000	1.500000	555.220000	0.002500	622.000000	0.000000	1.000000
2.460000	1.500000	1.500000	593.100000	0.003000	623.000000	0.000000	1.000000
2.540000	1.500000	1.500000	692.200000	0.003001	624.000000	0.000000	1.000000
2.600000	1.540000	1.500000	810.920000	0.004001	625.000000	0.000000	1.000000
2.760000	1.500000	1.500000	850.800000	0.005000	626.000000	0.000000	1.000000
2.840000	1.500000	1.500000	961.900000	0.004498	627.000000	0.000000	1.000000
2.900000	1.540000	1.500000	1096.620000	0.005001	628.000000	0.000000	1.000000
3.060000	1.500000	1.500000	1138.500000	0.005502	629.000000	0.000000	1.000000
3.140000	1.500000	1.500000	1261.600000	0.005500	630.000000	0.000000	1.000000
3.200000	1.540000	1.500000	1412.320000	0.005999	631.000000	0.000000	1.000000
3.360000	1.500000	1.500000	1456.200000	0.006501	632.000000	0.000000	1.000000
3.440000	1.500000	1.500000	1591.300000	0.007000	633.000000	0.000000	1.000000
3.500000	1.540000	1.500000	1758.020000	0.006989	634.000000	0.000000	1.000000
3.660000	1.500000	1.500000	1803.900000	0.007499	635.000000	0.000000	1.000000
3.740000	1.500000	1.500000	1951.000000	0.008002	636.000000	0.000000	1.000000
3.800000	1.540000	1.500000	2133.720000	0.008988	637.000000	0.000000	1.000000
3.960000	1.500000	1.500000	2181.600000	0.009498	638.000000	0.000000	1.000000
4.040000	1.500000	1.500000	2340.700000	0.009000	639.000000	0.000000	1.000000
0.000000	1.560000	1.600000	391.560000	0.005501	640.000000	0.000000	1.000000
0.000000	1.560000	1.600000	391.560000	0.005500	641.000000	0.000000	1.000000
0.220000	1.580000	1.600000	401.360000	0.005000	642.000000	0.000000	1.000000
0.300000	1.560000	1.600000	385.260000	0.004500	643.000000	0.000000	1.000000
0.440000	1.560000	1.600000	381.160000	0.004500	644.000000	0.000000	1.000000
0.520000	1.560000	1.600000	367.460000	0.005000	645.000000	0.000000	1.000000
0.660000	1.560000	1.600000	359.760000	0.004001	646.000000	0.000000	1.000000
0.740000	1.560000	1.600000	338.860000	0.003008	647.000000	0.000000	1.000000
0.800000	1.600000	1.600000	323.980000	0.003500	648.000000	0.000000	1.000000
0.960000	1.560000	1.600000	299.460000	0.003000	649.000000	0.000000	1.000000
1.040000	1.560000	1.600000	266.560000	0.003000	650.000000	0.000000	1.000000
1.100000	1.600000	1.600000	235.680000	0.002001	651.000000	0.000000	1.000000
1.260000	1.560000	1.600000	209.160000	0.002001	652.000000	0.000000	1.000000
1.340000	1.560000	1.600000	164.260000	0.001502	653.000000	0.000000	1.000000
1.400000	1.600000	1.600000	117.380000	0.001496	654.000000	0.000000	1.000000
1.560000	1.560000	1.600000	88.860000	0.001510	655.000000	0.000000	1.000000
1.700000	1.600000	1.600000	101.880000	0.001001	656.000000	0.000000	1.000000
1.860000	1.620000	1.600000	104.220000	0.001501	657.000000	0.000000	1.000000
1.940000	1.620000	1.600000	179.320000	0.001000	658.000000	0.000000	1.000000
2.000000	1.600000	1.600000	297.580000	0.001485	659.000000	0.000000	1.000000
2.160000	1.620000	1.600000	301.920000	0.001499	660.000000	0.000000	1.000000
2.240000	1.620000	1.600000	389.020000	0.002501	661.000000	0.000000	1.000000
2.300000	1.600000	1.600000	523.280000	0.002502	662.000000	0.000000	1.000000
2.460000	1.620000	1.600000	529.620000	0.002500	663.000000	0.000000	1.000000
2.540000	1.620000	1.600000	628.720000	0.004001	664.000000	0.000000	1.000000
2.600000	1.600000	1.600000	778.980000	0.003999	665.000000	0.000000	1.000000
2.760000	1.620000	1.600000	787.320000	0.003999	666.000000	0.000000	1.000000
2.840000	1.620000	1.600000	898.420000	0.004500	667.000000	0.000000	1.000000
2.900000	1.600000	1.600000	1064.680000	0.005500	668.000000	0.000000	1.000000
3.060000	1.620000	1.600000	1075.020000	0.005001	669.000000	0.000000	1.000000
3.140000	1.620000	1.600000	1198.120000	0.005509	670.000000	0.000000	1.000000
3.200000	1.600000	1.600000	1380.380000	0.006497	671.000000	0.000000	1.000000
3.360000	1.620000	1.600000	1392.720000	0.006500	672.000000	0.000000	1.000000
3.440000	1.620000	1.600000	1527.820000	0.006998	673.000000	0.000000	1.000000
3.500000	1.600000	1.600000	1726.080000	0.007000	674.000000	0.000000	1.000000
3.660000	1.620000	1.600000	1740.420000	0.006502	675.000000	0.000000	1.000000
3.740000	1.620000	1.600000	1887.520000	0.007499	676.000000	0.000000	1.000000
3.800000	1.600000	1.600000	2101.780000	0.008499	677.000000	0.000000	1.000000
3.960000	1.620000	1.600000	2118.120000	0.008499	678.000000	0.000000	1.000000
4.040000	1.620000	1.600000	2277.220000	0.008490	679.000000	0.000000	1.000000
0.000000	1.680000	1.700000	455.280000	0.007555	680.000000	0.000000	1.000000
0.000000	1.680000	1.700000	455.280000	0.006499	681.000000	0.000000	1.000000
0.220000	1.700000	1.700000	465.880000	0.005503	682.000000	0.000000	1.000000
0.300000	1.680000	1.700000	448.980000	0.005499	683.000000	0.000000	1.000000
0.440000	1.680000	1.700000	444.880000	0.005485	684.000000	0.000000	1.000000
0.520000	1.680000	1.700000	431.180000	0.004000	685.000000	0.000000	1.000000
0.660000	1.680000	1.700000	423.480000	0.004505	686.000000	0.000000	1.000000
0.740000	1.680000	1.700000	402.580000	0.004001	687.000000	0.000000	1.000000
0.800000	1.660000	1.700000	356.040000	0.003004	688.000000	0.000000	1.000000
0.960000	1.680000	1.700000	363.180000	0.003498	689.000000	0.000000	1.000000
1.040000	1.680000	1.700000	330.280000	0.002500	690.000000	0.000000	1.000000
1.100000	1.660000	1.700000	267.740000	0.002000	691.000000	0.000000	1.000000
1.260000	1.680000	1.700000	272.880000	0.002001	692.000000	0.000000	1.000000
1.340000	1.680000	1.700000	227.980000	0.001501	693.000000	0.000000	1.000000
1.400000	1.660000	1.700000	149.440000	0.001000	694.000000	0.000000	1.000000
1.560000	1.680000	1.700000	152.580000	0.001000	695.000000	0.000000	1.000000
1.640000	1.680000	1.700000	95.680000	0.001498	696.000000	0.000000	1.000000
1.860000	1.740000	1.700000	35.940000	0.000000	697.000000	0.000000	1.000000
1.940000	1.740000	1.700000	111.040000	0.000500	698.000000	0.000000	1.000000
2.000000	1.720000	1.700000	230.100000	0.001500	699.000000	0.000000	1.000000
2.160000	1.740000	1.700000	233.640000	0.001999	700.000000	0.000000	1.000000
2.240000	1.740000	1.700000	320.740000	0.002004	701.000000	0.000000	1.000000
2.300000	1.720000	1.700000	455.800000	0.002999	702.000000	0.000000	1.000000
2.460000	1.740000	1.700000	461.340000	0.002501	703.000000	0.000000	1.000000
2.540000	1.740000	1.700000	560.440000	0.002991	704.000000	0.000000	1.000000
2.600000	1.720000	1.700000	711.500000	0.003518	705.000000	0.000000	1.000000
2.760000	1.740000	1.700000	719.040000	0.003500	706.000000	0.000000	1.000000
2.840000	1.740000	1.700000	830.140000	0.004500	707.000000	0.000000	1.000000
2.900000	1.720000	1.700000	997.200000	0.004501	708.000000	0.000000	1.000000
3.060000	1.740000	1.700000	1006.740000	0.004999	709.000000	0.000000	1.000000
3.140000	1.740000	1.700000	1129.840000	0.005500	710.000000	0.000000	1.000000
3.200000	1.720000	1.700000	1312.900000	0.005500	711.000000	0.000000	1.000000
3.360000	1.740000	1.700000	1324.440000	0.005001	712.000000	0.000000	1.000000
3.440000	1.740000	1.700000	1459.540000	0.006498	713.000000	0.000000	1.000000
3.500000	1.720000	1.700000	1658.600000	0.007000	714.000000	0.000000	1.000000
3.660000	1.740000	1.700000	1672.140000	0.006500	715.000000	0.000000	1.000000
3.740000	1.740000	1.700000	1819.240000	0.007500	716.000000	0.000000	1.000000
3.800000	1.720000	1.700000	2034.300000	0.007998	717.000000	0.000000	1.000000
3.960000	1.740000	1.700000	2049.840000	0.007999	718.000000	0.000000	1.000000
4.040000	1.740000	1.700000	2208.940000	0.008000	719.000000	0.000000	1.000000
0.000000	1.800000	1.800000	523.800000	0.006499	720.000000	0.000000	1.000000
0.000000	1.800000	1.800000	523.800000	0.007000	721.000000	0.000000	1.000000
0.220000	1.760000	1.800000	499.940000	0.006502	722.000000	0.000000	1.000000
0.300000	1.800000	1.800000	517.500000	0.005500	723.000000	0.000000	1.000000
0.440000	1.800000	1.800000	513.400000	0.005513	724.000000	0.000000	1.000000
0.520000	1.800000	1.800000	499.700000	0.005502	725.000000	0.000000	1.000000
0.660000	1.800000	1.800000	492.000000	0.004486	726.000000	0.000000	1.000000
0.740000	1.800000	1.800000	471.100000	0.004500	727.000000	0.000000	1.000000
0.800000	1.780000	1.800000	423.760000	0.003998	728.000000	0.000000	1.000000
0.960000	1.800000	1.800000	431.700000	0.003500	729.000000	0.000000	1.000000
1.040000	1.800000	1.800000	398.800000	0.003500	730.000000	0.000000	1.000000
1.100000	1.780000	1.800000	335.460000	0.002006	731.000000	0.000000	1.000000
1.260000	1.800000	1.800000	341.400000	0.003502	732.000000	0.000000	1.000000
1.340000	1.800000	1.800000	296.500000	0.002501	733.000000	0.000000	1.000000
1.400000	1.780000	1.800000	217.160000	0.001500	734.000000	0.000000	1.000000
1.560000	1.800000	1.800000	221.100000	0.001505	735.000000	0.000000	1.000000
1.640000	1.800000	1.800000	164.200000	0.001000	736.000000	0.000000	1.000000
1.700000	1.780000	1.800000	68.860000	0.000512	737.000000	0.000000	1.000000
1.940000	1.800000	1.800000	75.100000	0.000000	738.000000	0.000000	1.000000
2.000000	1.840000	1.800000	157.820000	0.001500	739.000000	0.000000	1.000000
2.160000	1.800000	1.800000	197.700000	0.001500	740.000000	0.000000	1.000000
2.240000	1.800000	1.800000	284.800000	0.001498	741.000000	0.000000	1.000000
2.300000	1.840000	1.800000	383.520000	0.001500	742.000000	0.000000	1.000000
2.460000	1.800000	1.800000	425.400000	0.002501	743.000000	0.000000	1.000000
2.540000	1.800000	1.800000	524.500000	0.002499	744.000000	0.000000	1.000000
2.600000	1.840000	1.800000	639.220000	0.004002	745.000000	0.000000	1.000000
2.760000	1.800000	1.800000	683.100000	0.003508	746.000000	0.000000	1.000000
2.840000	1.800000	1.800000	794.200000	0.004006	747.000000	0.000000	1.000000
2.900000	1.840000	1.800000	924.920000	0.004507	748.000000	0.000000	1.000000
3.060000	1.800000	1.800000	970.800000	0.005001	749.000000	0.000000	1.000000
3.140000	1.800000	1.800000	1093.900000	0.005007	750.000000	0.000000	1.000000
3.200000	1.840000	1.800000	1240.620000	0.006000	751.000000	0.000000	1.000000
3.360000	1.800000	1.800000	1288.500000	0.005134	752.000000	0.000000	1.000000
3.440000	1.800000	1.800000	1423.600000	0.006010	753.000000	0.000000	1.000000
3.500000	1.840000	1.800000	1586.320000	0.006501	754.000000	0.000000	1.000000
3.660000	1.800000	1.800000	1636.200000	0.007014	755.000000	0.000000	1.000000
3.740000	1.800000	1.800000	1783.300000	0.007006	756.000000	0.000000	1.000000
3.800000	1.840000	1.800000	1962.020000	0.007501	757.000000	0.000000	1.000000
3.960000	1.800000	1.800000	2013.900000	0.008497	758.000000	0.000000	1.000000
4.040000	1.800000	1.800000	2173.000000	0.008502	759.000000	0.000000	1.000000
0.000000	1.860000	1.900000	559.860000	0.006500	760.000000	0.000000	1.000000
0.000000	1.860000	1.900000	559.860000	0.006999	761.000000	0.000000	1.000000
0.220000	1.880000	1.900000	571.660000	0.007000	762.000000	0.000000	1.000000
0.300000	1.860000	1.900000	553.560000	0.006010	763.000000	0.000000	1.000000
0.440000	1.860000	1.900000	549.460000	0.005499	764.000000	0.000000	1.000000
0.520000	1.860000	1.900000	535.760000	0.005998	765.000000	0.000000	1.000000
0.660000	1.860000	1.900000	528.060000	0.005500	766.000000	0.000000	1.000000
0.740000	1.860000	1.900000	507.160000	0.004499	767.000000	0.000000	1.000000
0.800000	1.900000	1.900000	496.280000	0.004001	768.000000	0.000000	1.000000
0.960000	1.860000	1.900000	467.760000	0.003998	769.000000	0.000000	1.000000
1.040000	1.860000	1.900000	434.860000	0.004000	770.000000	0.000000	1.000000
1.100000	1.900000	1.900000	407.980000	0.002500	771.000000	0.000000	1.000000
1.260000	1.860000	1.900000	377.460000	0.002982	772.000000	0.000000	1.000000
1.340000	1.860000	1.900000	332.560000	0.003002	773.000000	0.000000	1.000000
1.400000	1.900000	1.900000	289.680000	0.002499	774.000000	0.000000	1.000000
1.560000	1.860000	1.900000	257.160000	0.001500	775.000000	0.000000	1.000000
1.640000	1.860000	1.900000	200.260000	0.001500	776.000000	0.000000	1.000000
1.700000	1.900000	1.900000	141.380000	0.000500	777.000000	0.000000	1.000000
1.860000	1.860000	1.900000	106.860000	0.000000	778.000000	0.000000	1.000000
2.000000	1.900000	1.900000	119.880000	0.000486	779.000000	0.000000	1.000000
2.160000	1.920000	1.900000	122.220000	0.001001	780.000000	0.000000	1.000000
2.240000	1.920000	1.900000	209.320000	0.000999	781.000000	0.000000	1.000000
2.300000	1.900000	1.900000	345.580000	0.001500	782.000000	0.000000	1.000000
2.460000	1.920000	1.900000	349.920000	0.002001	783.000000	0.000000	1.000000
2.540000	1.920000	1.900000	449.020000	0.002501	784.000000	0.000000	1.000000
2.600000	1.900000	1.900000	601.280000	0.003499	785.000000	0.000000	1.000000
2.760000	1.920000	1.900000	607.620000	0.003001	786.000000	0.000000	1.000000
2.840000	1.920000	1.900000	718.720000	0.003495	787.000000	0.000000	1.000000
2.900000	1.900000	1.900000	886.980000	0.004500	788.000000	0.000000	1.000000
3.060000	1.920000	1.900000	895.320000	0.003501	789.000000	0.000000	1.000000
3.140000	1.920000	1.900000	1018.420000	0.004499	790.000000	0.000000	1.000000
3.200000	1.900000	1.900000	1202.680000	0.005000	791.000000	0.000000	1.000000
3.360000	1.920000	1.900000	1213.020000	0.005997	792.000000	0.000000	1.000000
3.440000	1.920000	1.900000	1348.120000	0.006000	793.000000	0.000000	1.000000
3.500000	1.900000	1.900000	1548.380000	0.006000	794.000000	0.000000	1.000000
3.660000	1.920000	1.900000	1560.720000	0.006500	795.000000	0.000000	1.000000
3.740000	1.920000	1.900000	1707.820000	0.006498	796.000000	0.000000	1.000000
3.800000	1.900000	1.900000	1924.080000	0.008487	797.000000	0.000000	1.000000
3.960000	1.920000	1.900000	1938.420000	0.007497	798.000000	0.000000	1.000000
4.040000	1.920000	1.900000	2097.520000	0.008000	799.000000	0.000000	1.000000
0.000000	1.980000	2.000000	635.580000	0.008005	800.000000	0.000000	1.000000
0.000000	1.980000	2.000000	635.580000	0.007974	801.000000	0.000000	1.000000
0.220000	2.000000	2.000000	648.180000	0.006999	802.000000	0.000000	1.000000
0.300000	1.980000	2.000000	629.280000	0.006998	803.000000	0.000000	1.000000
0.440000	1.980000	2.000000	625.180000	0.007502	804.000000	0.000000	1.000000
0.520000	1.980000	2.000000	611.480000	0.005991	805.000000	0.000000	1.000000
0.660000	1.980000	2.000000	603.780000	0.006001	806.000000	0.000000	1.000000
0.740000	1.980000	2.000000	582.880000	0.005498	807.000000	0.000000	1.000000
0.800000	1.960000	2.000000	534.340000	0.004500	808.000000	0.000000	1.000000
0.960000	1.980000	2.000000	543.480000	0.004499	809.000000	0.000000	1.000000
1.040000	1.980000	2.000000	510.580000	0.004999	810.000000	0.000000	1.000000
1.100000	1.960000	2.000000	446.040000	0.004022	811.000000	0.000000	1.000000
1.260000	1.980000	2.000000	453.180000	0.003000	812.000000	0.000000	1.000000
1.340000	1.980000	2.000000	408.280000	0.003000	813.000000	0.000000	1.000000
1.400000	1.960000	2.000000	327.740000	0.002001	814.000000	0.000000	1.000000
1.560000	1.980000	2.000000	332.880000	0.002000	815.000000	0.000000	1.000000
1.640000	1.980000	2.000000	275.980000	0.002510	816.000000	0.000000	1.000000
1.700000	1.960000	2.000000	179.440000	0.001500	817.000000	0.000000	1.000000
1.860000	1.980000	2.000000	182.580000	0.000500	818.000000	0.000000	1.000000
1.940000	1.980000	2.000000	113.680000	0.000499	819.000000	0.000000	1.000000
2.160000	2.040000	2.000000	41.940000	0.000000	820.000000	0.000000	1.000000
2.240000	2.040000	2.000000	129.040000	0.000500	821.000000	0.000000	1.000000
2.300000	2.020000	2.000000	266.100000	0.001498	822.000000	0.000000	1.000000
2.460000	2.040000	2.000000	269.640000	0.001500	823.000000	0.000000	1.000000
2.540000	2.040000	2.000000	368.740000	0.001503	824.000000	0.000000	1.000000
2.600000	2.020000	2.000000	521.800000	0.001998	825.000000	0.000000	1.000000
2.760000	2.040000	2.000000	527.340000	0.002500	826.000000	0.000000	1.000000
2.840000	2.040000	2.000000	638.440000	0.002998	827.000000	0.000000	1.000000
2.900000	2.020000	2.000000	807.500000	0.004498	828.000000	0.000000	1.000000
3.060000	2.040000	2.000000	815.040000	0.004001	829.000000	0.000000	1.000000
3.140000	2.040000	2.000000	938.140000	0.004023	830.000000	0.000000	1.000000
3.200000	2.020000	2.000000	1123.200000	0.004500	831.000000	0.000000	1.000000
3.360000	2.040000	2.000000	1132.740000	0.004999	832.000000	0.000000	1.000000
3.440000	2.040000	2.000000	1267.840000	0.006000	833.000000	0.000000	1.000000
3.500000	2.020000	2.000000	1468.900000	0.006001	834.000000	0.000000	1.000000
3.660000	2.040000	2.000000	1480.440000	0.006001	835.000000	0.000000	1.000000
3.740000	2.040000	2.000000	1627.540000	0.007000	836.000000	0.000000	1.000000
3.800000	2.020000	2.000000	1844.600000	0.007001	837.000000	0.000000	1.000000
3.960000	2.040000	2.000000	1858.140000	0.007499	838.000000	0.000000	1.000000
4.040000	2.040000	2.000000	2017.240000	0.008000	839.000000	0.000000	1.000000
0.000000	2.100000	2.100000	716.100000	0.008983	840.000000	0.000000	1.000000
0.000000	2.100000	2.100000	716.100000	0.007502	841.000000	0.000000	1.000000
0.220000	2.060000	2.100000	688.240000	0.007001	842.000000	0.000000	1.000000
0.300000	2.100000	2.100000	709.800000	0.007499	843.000000	0.000000	1.000000
0.440000	2.100000	2.100000	705.700000	0.006999	844.000000	0.000000	1.000000
0.520000	2.100000	2.100000	692.000000	0.006507	845.000000	0.000000	1.000000
0.660000	2.100000	2.100000	684.300000	0.005998	846.000000	0.000000	1.000000
0.740000	2.100000	2.100000	663.400000	0.005501	847.000000	0.000000	1.000000
0.800000	2.080000	2.100000	614.060000	0.005000	848.000000	0.000000	1.000000
0.960000	2.100000	2.100000	624.000000	0.005017	849.000000	0.000000	1.000000
1.040000	2.100000	2.100000	591.100000	0.005000	850.000000	0.000000	1.000000
1.100000	2.080000	2.100000	525.760000	0.004001	851.000000	0.000000	1.000000
1.260000	2.100000	2.100000	533.700000	0.003500	852.000000	0.000000	1.000000
1.340000	2.100000	2.100000	488.800000	0.004001	853.000000	0.000000	1.000000
1.400000	2.080000	2.100000	407.460000	0.002986	854.000000	0.000000	1.000000
1.560000	2.100000	2.100000	413.400000	0.002502	855.000000	0.000000	1.000000
1.640000	2.100000	2.100000	356.500000	0.002000	856.000000	0.000000	1.000000
1.700000	2.080000	2.100000	259.160000	0.001998	857.000000	0.000000	1.000000
1.860000	2.100000	2.100000	263.100000	0.002003	858.000000	0.000000	1.000000
1.940000	2.100000	2.100000	194.200000	0.001499	859.000000	0.000000	1.000000
2.000000	2.080000	2.100000	80.860000	0.000000	860.000000	0.000000	1.000000
2.240000	2.100000	2.100000	87.100000	0.000000	861.000000	0.000000	1.000000
2.300000	2.140000	2.100000	181.820000	0.000500	862.000000	0.000000	1.000000
2.460000	2.100000	2.100000	227.700000	0.000500	863.000000	0.000000	1.000000
2.540000	2.100000	2.100000	326.800000	0.002001	864.000000	0.000000	1.000000
2.600000	2.140000	2.100000	437.520000	0.002001	865.000000	0.000000	1.000000
2.760000	2.100000	2.100000	485.400000	0.001999	866.000000	0.000000	1.000000
2.840000	2.100000	2.100000	596.500000	0.002500	867.000000	0.000000	1.000000
2.900000	2.140000	2.100000	723.220000	0.003501	868.000000	0.000000	1.000000
3.060000	2.100000	2.100000	773.100000	0.003998	869.000000	0.000000	1.000000
3.140000	2.100000	2.100000	896.200000	0.004001	870.000000	0.000000	1.000000
3.200000	2.140000	2.100000	1038.920000	0.004994	871.000000	0.000000	1.000000
3.360000	2.100000	2.100000	1090.800000	0.004503	872.000000	0.000000	1.000000
3.440000	2.100000	2.100000	1225.900000	0.005499	873.000000	0.000000	1.000000
3.500000	2.140000	2.100000	1384.620000	0.005999	874.000000	0.000000	1.000000
3.660000	2.100000	2.100000	1438.500000	0.006000	875.000000	0.000000	1.000000
3.740000	2.100000	2.100000	1585.600000	0.006002	876.000000	0.000000	1.000000
3.800000	2.140000	2.100000	1760.320000	0.006486	877.000000	0.000000	1.000000
3.960000	2.100000	2.100000	1816.200000	0.007995	878.000000	0.000000	1.000000
4.040000	2.100000	2.100000	1975.300000	0.008003	879.000000	0.000000	1.000000
0.000000	2.160000	2.200000	758.160000	0.008499	880.000000	0.000000	1.000000
0.000000	2.160000	2.200000	758.160000	0.008502	881.000000	0.000000	1.000000
0.220000	2.180000	2.200000	771.960000	0.008501	882.000000	0.000000	1.000000
0.300000	2.160000	2.200000	751.860000	0.007993	883.000000	0.000000	1.000000
0.440000	2.160000	2.200000	747.760000	0.007497	884.000000	0.000000	1.000000
0.520000	2.160000	2.200000	734.060000	0.006500	885.000000	0.000000	1.000000
0.660000	2.160000	2.200000	726.360000	0.006499	886.000000	0.000000	1.000000
0.740000	2.160000	2.200000	705.460000	0.006501	887.000000	0.000000	1.000000
0.800000	2.200000	2.200000	698.580000	0.005999	888.000000	0.000000	1.000000
0.960000	2.160000	2.200000	666.060000	0.006002	889.000000	0.000000	1.000000
1.040000	2.160000	2.200000	633.160000	0.005000	890.000000	0.000000	1.000000
1.100000	2.200000	2.200000	610.280000	0.004000	891.000000	0.000000	1.000000
1.260000	2.160000	2.200000	575.760000	0.004502	892.000000	0.000000	1.000000
1.340000	2.160000	2.200000	530.860000	0.003500	893.000000	0.000000	1.000000
1.400000	2.200000	2.200000	491.980000	0.003499	894.000000	0.000000	1.000000
1.560000	2.160000	2.200000	455.460000	0.003000	895.000000	0.000000	1.000000
1.640000	2.160000	2.200000	398.560000	0.002485	896.000000	0.000000	1.000000
1.700000	2.200000	2.200000	343.680000	0.002002	897.000000	0.000000	1.000000
1.860000	2.160000	2.200000	305.160000	0.002000	898.000000	0.000000	1.000000
1.940000	2.160000	2.200000	236.260000	0.001501	899.000000	0.000000	1.000000
2.000000	2.200000	2.200000	165.380000	0.000500	900.000000	0.000000	1.000000
2.160000	2.160000	2.200000	124.860000	0.000997	901.000000	0.000000	1.000000
2.300000	2.200000	2.200000	137.880000	0.000500	902.000000	0.000000	1.000000
2.460000	2.220000	2.200000	140.220000	0.000500	903.000000	0.000000	1.000000
2.540000	2.220000	2.200000	239.320000	0.001500	904.000000	0.000000	1.000000
2.600000	2.200000	2.200000	393.580000	0.002012	905.000000	0.000000	1.000000
2.760000	2.220000	2.200000	397.920000	0.001999	906.000000	0.000000	1.000000
2.840000	2.220000	2.200000	509.020000	0.001999	907.000000	0.000000	1.000000
2.900000	2.200000	2.200000	679.280000	0.003008	908.000000	0.000000	1.000000
3.060000	2.220000	2.200000	685.620000	0.003002	909.000000	0.000000	1.000000
3.140000	2.220000	2.200000	808.720000	0.003996	910.000000	0.000000	1.000000
3.200000	2.200000	2.200000	994.980000	0.005002	911.000000	0.000000	1.000000
3.360000	2.220000	2.200000	1003.320000	0.004501	912.000000	0.000000	1.000000
3.440000	2.220000	2.200000	1138.420000	0.004999	913.000000	0.000000	1.000000
3.500000	2.200000	2.200000	1340.680000	0.005501	914.000000	0.000000	1.000000
3.660000	2.220000	2.200000	1351.020000	0.006000	915.000000	0.000000	1.000000
3.740000	2.220000	2.200000	1498.120000	0.006002	916.000000	0.000000	1.000000
3.800000	2.200000	2.200000	1716.380000	0.006496	917.000000	0.000000	1.000000
3.960000	2.220000	2.200000	1728.720000	0.007501	918.000000	0.000000	1.000000
4.040000	2.220000	2.200000	1887.820000	0.006999	919.000000	0.000000	1.000000
0.000000	2.280000	2.300000	845.880000	0.009998	920.000000	0.000000	1.000000
0.000000	2.280000	2.300000	845.880000	0.008998	921.000000	0.000000	1.000000
0.220000	2.300000	2.300000	860.480000	0.009504	922.000000	0.000000	1.000000
0.300000	2.280000	2.300000	839.580000	0.007998	923.000000	0.000000	1.000000
0.440000	2.280000	2.300000	835.480000	0.007991	924.000000	0.000000	1.000000
0.520000	2.280000	2.300000	821.780000	0.007500	925.000000	0.000000	1.000000
0.660000	2.280000	2.300000	814.080000	0.007498	926.000000	0.000000	1.000000
0.740000	2.280000	2.300000	793.180000	0.007000	927.000000	0.000000	1.000000
0.800000	2.260000	2.300000	742.640000	0.005996	928.000000	0.000000	1.000000
0.960000	2.280000	2.300000	753.780000	0.005988	929.000000	0.000000	1.000000
1.040000	2.280000	2.300000	720.880000	0.005498	930.000000	0.000000	1.000000
1.100000	2.260000	2.300000	654.340000	0.004500	931.000000	0.000000	1.000000
1.260000	2.280000	2.300000	663.480000	0.004998	932.000000	0.000000	1.000000
1.340000	2.280000	2.300000	618.580000	0.003499	933.000000	0.000000	1.000000
1.400000	2.260000	2.300000	536.040000	0.003999	934.000000	0.000000	1.000000
1.560000	2.280000	2.300000	543.180000	0.003999	935.000000	0.000000	1.000000
1.640000	2.280000	2.300000	486.280000	0.002993	936.000000	0.000000	1.000000
1.700000	2.260000	2.300000	387.740000	0.003000	937.000000	0.000000	1.000000
1.860000	2.280000	2.300000	392.880000	0.003001	938.000000	0.000000	1.000000
1.940000	2.280000	2.300000	323.980000	0.002001	939.000000	0.000000	1.000000
2.000000	2.260000	2.300000	209.440000	0.001493	940.000000	0.000000	1.000000
2.160000	2.280000	2.300000	212.580000	0.001000	941.000000	0.000000	1.000000
2.240000	2.280000	2.300000	131.680000	0.000000	942.000000	0.000000	1.000000
2.460000	2.340000	2.300000	47.940000	0.000499	943.000000	0.000000	1.000000
2.540000	2.340000	2.300000	147.040000	0.000500	944.000000	0.000000	1.000000
2.600000	2.320000	2.300000	302.100000	0.000500	945.000000	0.000000	1.000000
2.760000	2.340000	2.300000	305.640000	0.001499	946.000000	0.000000	1.000000
2.840000	2.340000	2.300000	416.740000	0.001988	947.000000	0.000000	1.000000
2.900000	2.320000	2.300000	587.800000	0.002495	948.000000	0.000000	1.000000
3.060000	2.340000	2.300000	593.340000	0.002499	949.000000	0.000000	1.000000
3.140000	2.340000	2.300000	716.440000	0.003000	950.000000	0.000000	1.000000
3.200000	2.320000	2.300000	903.500000	0.004017	951.000000	0.000000	1.000000
3.360000	2.340000	2.300000	911.040000	0.003983	952.000000	0.000000	1.000000
3.440000	2.340000	2.300000	1046.140000	0.005011	953.000000	0.000000	1.000000
3.500000	2.320000	2.300000	1249.200000	0.005501	954.000000	0.000000	1.000000
3.660000	2.340000	2.300000	1258.740000	0.005002	955.000000	0.000000	1.000000
3.740000	2.340000	2.300000	1405.840000	0.005498	956.000000	0.000000	1.000000
3.800000	2.320000	2.300000	1624.900000	0.006007	957.000000	0.000000	1.000000
3.960000	2.340000	2.300000	1636.440000	0.006000	958.000000	0.000000	1.000000
4.040000	2.340000	2.300000	1795.540000	0.007512	959.000000	0.000000	1.000000
0.000000	2.400000	2.400000	938.400000	0.009993	960.000000	0.000000	1.000000
0.000000	2.400000	2.400000	938.400000	0.009499	961.000000	0.000000	1.000000
0.220000	2.360000	2.400000	906.540000	0.009001	962.000000	0.000000	1.000000
0.300000	2.400000	2.400000	932.100000	0.008987	963.000000	0.000000	1.000000
0.440000	2.400000	2.400000	928.000000	0.008999	964.000000	0.000000	1.000000
0.520000	2.400000	2.400000	914.300000	0.008000	965.000000	0.000000	1.000000
0.660000	2.400000	2.400000	906.600000	0.007963	966.000000	0.000000	1.000000
0.740000	2.400000	2.400000	885.700000	0.007419	967.000000	0.000000	1.000000
0.800000	2.380000	2.400000	834.360000	0.007000	968.000000	0.000000	1.000000
0.960000	2.400000	2.400000	846.300000	0.007002	969.000000	0.000000	1.000000
1.040000	2.400000	2.400000	813.400000	0.006500	970.000000	0.000000	1.000000
1.100000	2.380000	2.400000	746.060000	0.005490	971.000000	0.000000	1.000000
1.260000	2.400000	2.400000	756.000000	0.005500	972.000000	0.000000	1.000000
1.340000	2.400000	2.400000	711.100000	0.005000	973.000000	0.000000	1.000000
1.400000	2.380000	2.400000	627.760000	0.004499	974.000000	0.000000	1.000000
1.560000	2.400000	2.400000	635.700000	0.003999	975.000000	0.000000	1.000000
1.640000	2.400000	2.400000	578.800000	0.003505	976.000000	0.000000	1.000000
1.700000	2.380000	2.400000	479.460000	0.003487	977.000000	0.000000	1.000000
1.860000	2.400000	2.400000	485.400000	0.003501	978.000000	0.000000	1.000000
1.940000	2.400000	2.400000	416.500000	0.002502	979.000000	0.000000	1.000000
2.000000	2.380000	2.400000	301.160000	0.001999	980.000000	0.000000	1.000000
2.160000	2.400000	2.400000	305.100000	0.002001	981.000000	0.000000	1.000000
2.240000	2.400000	2.400000	224.200000	0.001500	982.000000	0.000000	1.000000
2.300000	2.380000	2.400000	92.860000	0.000499	983.000000	0.000000	1.000000
2.540000	2.400000	2.400000	99.100000	0.001009	984.000000	0.000000	1.000000
2.600000	2.440000	2.400000	205.820000	0.001501	985.000000	0.000000	1.000000
2.760000	2.400000	2.400000	257.700000	0.000999	986.000000	0.000000	1.000000
2.840000	2.400000	2.400000	368.800000	0.001501	987.000000	0.000000	1.000000
2.900000	2.440000	2.400000	491.520000	0.002000	988.000000	0.000000	1.000000
3.060000	2.400000	2.400000	545.400000	0.002512	989.000000	0.000000	1.000000
3.140000	2.400000	2.400000	668.500000	0.003004	990.000000	0.000000	1.000000
3.200000	2.440000	2.400000	807.220000	0.003502	991.000000	0.000000	1.000000
3.360000	2.400000	2.400000	863.100000	0.003999	992.000000	0.000000	1.000000
3.440000	2.400000	2.400000	998.200000	0.004500	993.000000	0.000000	1.000000
3.500000	2.440000	2.400000	1152.920000	0.004500	994.000000	0.000000	1.000000
3.660000	2.400000	2.400000	1210.800000	0.004998	995.000000	0.000000	1.000000
3.740000	2.400000	2.400000	1357.900000	0.006001	996.000000	0.000000	1.000000
3.800000	2.440000	2.400000	1528.620000	0.006500	997.000000	0.000000	1.000000
3.960000	2.400000	2.400000	1588.500000	0.006999	998.000000	0.000000	1.000000
4.040000	2.400000	2.400000	1747.600000	0.006500	999.000000	0.000000	1.000000
0.000000	2.460000	2.500000	986.460000	0.011001	1000.000000	0.000000	1.000000
0.000000	2.460000	2.500000	986.460000	0.010994	1001.000000	0.000000	1.000000
0.220000	2.480000	2.500000	1002.260000	0.010001	1002.000000	0.000000	1.000000
0.300000	2.460000	2.500000	980.160000	0.009999	1003.000000	0.000000	1.000000
0.440000	2.460000	2.500000	976.060000	0.009000	1004.000000	0.000000	1.000000
0.520000	2.460000	2.500000	962.360000	0.008998	1005.000000	0.000000	1.000000
0.660000	2.460000	2.500000	954.660000	0.008503	1006.000000	0.000000	1.000000
0.740000	2.460000	2.500000	933.760000	0.008000	1007.000000	0.000000	1.000000
0.800000	2.500000	2.500000	930.880000	0.006998	1008.000000	0.000000	1.000000
0.960000	2.460000	2.500000	894.360000	0.007500	1009.000000	0.000000	1.000000
1.040000	2.460000	2.500000	861.460000	0.006501	1010.000000	0.000000	1.000000
1.100000	2.500000	2.500000	842.580000	0.006500	1011.000000	0.000000	1.000000
1.260000	2.460000	2.500000	804.060000	0.006008	1012.000000	0.000000	1.000000
1.340000	2.460000	2.500000	759.160000	0.005500	1013.000000	0.000000	1.000000
1.400000	2.500000	2.500000	724.280000	0.005000	1014.000000	0.000000	1.000000
1.560000	2.460000	2.500000	683.760000	0.004492	1015.000000	0.000000	1.000000
1.640000	2.460000	2.500000	626.860000	0.003999	1016.000000	0.000000	1.000000
1.700000	2.500000	2.500000	575.980000	0.003499	1017.000000	0.000000	1.000000
1.860000	2.460000	2.500000	533.460000	0.003500	1018.000000	0.000000	1.000000
1.940000	2.460000	2.500000	464.560000	0.002500	1019.000000	0.000000	1.000000
2.000000	2.500000	2.500000	397.680000	0.002001	1020.000000	0.000000	1.000000
2.160000	2.460000	2.500000	353.160000	0.002001	1021.000000	0.000000	1.000000
2.240000	2.460000	2.500000	272.260000	0.001501	1022.000000	0.000000	1.000000
2.300000	2.500000	2.500000	189.380000	0.001501	1023.000000	0.000000	1.000000
2.460000	2.460000	2.500000	142.860000	0.000498	1024.000000	0.000000	1.000000
2.600000	2.500000	2.500000	155.880000	0.000500	1025.000000	0.000000	1.000000
2.760000	2.520000	2.500000	158.220000	0.001000	1026.000000	0.000000	1.000000
2.840000	2.520000	2.500000	269.320000	0.001501	1027.000000	0.000000	1.000000
2.900000	2.500000	2.500000	441.580000	0.001999	1028.000000	0.000000	1.000000
3.060000	2.520000	2.500000	445.920000	0.001500	1029.000000	0.000000	1.000000
3.140000	2.520000	2.500000	569.020000	0.003002	1030.000000	0.000000	1.000000
3.200000	2.500000	2.500000	757.280000	0.003000	1031.000000	0.000000	1.000000
3.360000	2.520000	2.500000	763.620000	0.003500	1032.000000	0.000000	1.000000
3.440000	2.520000	2.500000	898.720000	0.003500	1033.000000	0.000000	1.000000
3.500000	2.500000	2.500000	1102.980000	0.005002	1034.000000	0.000000	1.000000
3.660000	2.520000	2.500000	1111.320000	0.005000	1035.000000	0.000000	1.000000
3.740000	2.520000	2.500000	1258.420000	0.004999	1036.000000	0.000000	1.000000
3.800000	2.500000	2.500000	1478.680000	0.006000	1037.000000	0.000000	1.000000
3.960000	2.520000	2.500000	1489.020000	0.005501	1038.000000	0.000000	1.000000
4.040000	2.520000	2.500000	1648.120000	0.005987	1039.000000	0.000000	1.000000
0.000000	2.580000	2.600000	1086.180000	0.011000	1040.000000	0.000000	1.000000
0.000000	2.580000	2.600000	1086.180000	0.010499	1041.000000	0.000000	1.000000
0.220000	2.600000	2.600000	1102.780000	0.010999	1042.000000	0.000000	1.000000
0.300000	2.580000	2.600000	1079.880000	0.010000	1043.000000	0.000000	1.000000
0.440000	2.580000	2.600000	1075.780000	0.010001	1044.000000	0.000000	1.000000
0.520000	2.580000	2.600000	1062.080000	0.009003	1045.000000	0.000000	1.000000
0.660000	2.580000	2.600000	1054.380000	0.009001	1046.000000	0.000000	1.000000
0.740000	2.580000	2.600000	1033.480000	0.007992	1047.000000	0.000000	1.000000
0.800000	2.560000	2.600000	980.940000	0.007499	1048.000000	0.000000	1.000000
0.960000	2.580000	2.600000	994.080000	0.008001	1049.000000	0.000000	1.000000
1.040000	2.580000	2.600000	961.180000	0.007809	1050.000000	0.000000	1.000000
1.100000	2.560000	2.600000	892.640000	0.006999	1051.000000	0.000000	1.000000
1.260000	2.580000	2.600000	903.780000	0.007001	1052.000000	0.000000	1.000000
1.340000	2.580000	2.600000	858.880000	0.005499	1053.000000	0.000000	1.000000
1.400000	2.560000	2.600000	774.340000	0.005508	1054.000000	0.000000	1.000000
1.560000	2.580000	2.600000	783.480000	0.004992	1055.000000	0.000000	1.000000
1.640000	2.580000	2.600000	726.580000	0.004487	1056.000000	0.000000	1.000000
1.700000	2.560000	2.600000	626.040000	0.004000	1057.000000	0.000000	1.000000
1.860000	2.580000	2.600000	633.180000	0.004501	1058.000000	0.000000	1.000000
1.940000	2.580000	2.600000	564.280000	0.003000	1059.000000	0.000000	1.000000
2.000000	2.560000	2.600000	447.740000	0.002499	1060.000000	0.000000	1.000000
2.160000	2.580000	2.600000	452.880000	0.003000	1061.000000	0.000000	1.000000
2.240000	2.580000	2.600000	371.980000	0.002500	1062.000000	0.000000	1.000000
2.300000	2.560000	2.600000	239.440000	0.002002	1063.000000	0.000000	1.000000
2.460000	2.580000	2.600000	242.580000	0.000998	1064.000000	0.000000	1.000000
2.540000	2.580000	2.600000	149.680000	0.000500	1065.000000	0.000000	1.000000
2.760000	2.640000	2.600000	53.940000	0.000500	1066.000000	0.000000	1.000000
2.840000	2.640000	2.600000	165.040000	0.000499	1067.000000	0.000000	1.000000
2.900000	2.620000	2.600000	338.100000	0.001491	1068.000000	0.000000	1.000000
3.060000	2.640000	2.600000	341.640000	0.002003	1069.000000	0.000000	1.000000
3.140000	2.640000	2.600000	464.740000	0.001999	1070.000000	0.000000	1.000000
3.200000	2.620000	2.600000	653.800000	0.003012	1071.000000	0.000000	1.000000
3.360000	2.640000	2.600000	659.340000	0.002506	1072.000000	0.000000	1.000000
3.440000	2.640000	2.600000	794.440000	0.004000	1073.000000	0.000000	1.000000
3.500000	2.620000	2.600000	999.500000	0.004002	1074.000000	0.000000	1.000000
3.660000	2.640000	2.600000	1007.040000	0.004001	1075.000000	0.000000	1.000000
3.740000	2.640000	2.600000	1154.140000	0.004496	1076.000000	0.000000	1.000000
3.800000	2.620000	2.600000	1375.200000	0.005000	1077.000000	0.000000	1.000000
3.960000	2.640000	2.600000	1384.740000	0.006500	1078.000000	0.000000	1.000000
4.040000	2.640000	2.600000	1543.840000	0.005998	1079.000000	0.000000	1.000000
0.000000	2.700000	2.700000	1190.700000	0.012498	1080.000000	0.000000	1.000000
0.000000	2.700000	2.700000	1190.700000	0.011516	1081.000000	0.000000	1.000000
0.220000	2.660000	2.700000	1154.840000	0.011000	1082.000000	0.000000	1.000000
0.300000	2.700000	2.700000	1184.400000	0.011000	1083.000000	0.000000	1.000000
0.440000	2.700000	2.700000	1180.300000	0.011001	1084.000000	0.000000	1.000000
0.520000	2.700000	2.700000	1166.600000	0.009501	1085.000000	0.000000	1.000000
0.660000	2.700000	2.700000	1158.900000	0.009012	1086.000000	0.000000	1.000000
0.740000	2.700000	2.700000	1138.000000	0.009499	1087.000000	0.000000	1.000000
0.800000	2.680000	2.700000	1084.660000	0.008501	1088.000000	0.000000	1.000000
0.960000	2.700000	2.700000	1098.600000	0.008996	1089.000000	0.000000	1.000000
1.040000	2.700000	2.700000	1065.700000	0.008014	1090.000000	0.000000	1.000000
1.100000	2.680000	2.700000	996.360000	0.006997	1091.000000	0.000000	1.000000
1.260000	2.700000	2.700000	1008.300000	0.007001	1092.000000	0.000000	1.000000
1.340000	2.700000	2.700000	963.400000	0.006500	1093.000000	0.000000	1.000000
1.400000	2.680000	2.700000	878.060000	0.005000	1094.000000	0.000000	1.000000
1.560000	2.700000	2.700000	888.000000	0.006005	1095.000000	0.000000	1.000000
1.640000	2.700000	2.700000	831.100000	0.005500	1096.000000	0.000000	1.000000
1.700000	2.680000	2.700000	729.760000	0.005000	1097.000000	0.000000	1.000000
1.860000	2.700000	2.700000	737.700000	0.004516	1098.000000	0.000000	1.000000
1.940000	2.700000	2.700000	668.800000	0.003489	1099.000000	0.000000	1.000000
2.000000	2.680000	2.700000	551.460000	0.003503	1100.000000	0.000000	1.000000
2.160000	2.700000	2.700000	557.400000	0.002998	1101.000000	0.000000	1.000000
2.240000	2.700000	2.700000	476.500000	0.002499	1102.000000	0.000000	1.000000
2.300000	2.680000	2.700000	343.160000	0.001499	1103.000000	0.000000	1.000000
2.460000	2.700000	2.700000	347.100000	0.002000	1104.000000	0.000000	1.000000
2.540000	2.700000	2.700000	254.200000	0.001500	1105.000000	0.000000	1.000000
2.600000	2.680000	2.700000	104.860000	0.000499	1106.000000	0.000000	1.000000
2.840000	2.700000	2.700000	111.100000	0.000000	1107.000000	0.000000	1.000000
2.900000	2.740000	2.700000	229.820000	0.001000	1108.000000	0.000000	1.000000
3.060000	2.700000	2.700000	287.700000	0.001500	1109.000000	0.000000	1.000000
3.140000	2.700000	2.700000	410.800000	0.001500	1110.000000	0.000000	1.000000
3.200000	2.740000	2.700000	545.520000	0.002967	1111.000000	0.000000	1.000000
3.360000	2.700000	2.700000	605.400000	0.003001	1112.000000	0.000000	1.000000
3.440000	2.700000	2.700000	740.500000	0.003997	1113.000000	0.000000	1.000000
3.500000	2.740000	2.700000	891.220000	0.003500	1114.000000	0.000000	1.000000
3.660000	2.700000	2.700000	953.100000	0.004000	1115.000000	0.000000	1.000000
3.740000	2.700000	2.700000	1100.200000	0.003999	1116.000000	0.000000	1.000000
3.800000	2.740000	2.700000	1266.920000	0.005000	1117.000000	0.000000	1.000000
3.960000	2.700000	2.700000	1330.800000	0.004998	1118.000000	0.000000	1.000000
4.040000	2.700000	2.700000	1489.900000	0.005501	1119.000000	0.000000	1.000000
0.000000	2.760000	2.800000	1244.760000	0.011999	1120.000000	0.000000	1.000000
0.000000	2.760000	2.800000	1244.760000	0.011507	1121.000000	0.000000	1.000000
0.220000	2.780000	2.800000	1262.560000	0.011999	1122.000000	0.000000	1.000000
0.300000	2.760000	2.800000	1238.460000	0.014999	1123.000000	0.000000	1.000000
0.440000	2.760000	2.800000	1234.360000	0.015996	1124.000000	0.000000	1.000000
0.520000	2.760000	2.800000	1220.660000	0.016999	1125.000000	0.000000	1.000000
0.660000	2.760000	2.800000	1212.960000	0.016768	1126.000000	0.000000	1.000000
0.740000	2.760000	2.800000	1192.060000	0.011999	1127.000000	0.000000	1.000000
0.800000	2.800000	2.800000	1193.180000	0.011000	1128.000000	0.000000	1.000000
0.960000	2.760000	2.800000	1152.660000	0.011500	1129.000000	0.000000	1.000000
1.040000	2.760000	2.800000	1119.760000	0.008502	1130.000000	0.000000	1.000000
1.100000	2.800000	2.800000	1104.880000	0.008000	1131.000000	0.000000	1.000000
1.260000	2.760000	2.800000	1062.360000	0.007499	1132.000000	0.000000	1.000000
1.340000	2.760000	2.800000	1017.460000	0.006499	1133.000000	0.000000	1.000000
1.400000	2.800000	2.800000	986.580000	0.006499	1134.000000	0.000000	1.000000
1.560000	2.760000	2.800000	942.060000	0.007000	1135.000000	0.000000	1.000000
1.640000	2.760000	2.800000	885.160000	0.005513	1136.000000	0.000000	1.000000
1.700000	2.800000	2.800000	838.280000	0.005506	1137.000000	0.000000	1.000000
1.860000	2.760000	2.800000	791.760000	0.005003	1138.000000	0.000000	1.000000
1.940000	2.760000	2.800000	722.860000	0.004502	1139.000000	0.000000	1.000000
2.000000	2.800000	2.800000	659.980000	0.004001	1140.000000	0.000000	1.000000
2.160000	2.760000	2.800000	611.460000	0.002999	1141.000000	0.000000	1.000000
2.240000	2.760000	2.800000	530.560000	0.002982	1142.000000	0.000000	1.000000
2.300000	2.800000	2.800000	451.680000	0.001993	1143.000000	0.000000	1.000000
2.460000	2.760000	2.800000	401.160000	0.001499	1144.000000	0.000000	1.000000
2.540000	2.760000	2.800000	308.260000	0.001499	1145.000000	0.000000	1.000000
2.600000	2.800000	2.800000	213.380000	0.001000	1146.000000	0.000000	1.000000
2.760000	2.760000	2.800000	160.860000	0.000499	1147.000000	0.000000	1.000000
2.900000	2.800000	2.800000	173.880000	0.000498	1148.000000	0.000000	1.000000
3.060000	2.820000	2.800000	176.220000	0.001000	1149.000000	0.000000	1.000000
3.140000	2.820000	2.800000	299.320000	0.001013	1150.000000	0.000000	1.000000
3.200000	2.800000	2.800000	489.580000	0.001999	1151.000000	0.000000	1.000000
3.360000	2.820000	2.800000	493.920000	0.001986	1152.000000	0.000000	1.000000
3.440000	2.820000	2.800000	629.020000	0.003501	1153.000000	0.000000	1.000000
3.500000	2.800000	2.800000	835.280000	0.003500	1154.000000	0.000000	1.000000
3.660000	2.820000	2.800000	841.620000	0.004001	1155.000000	0.000000	1.000000
3.740000	2.820000	2.800000	988.720000	0.004501	1156.000000	0.000000	1.000000
3.800000	2.800000	2.800000	1210.980000	0.005002	1157.000000	0.000000	1.000000
3.960000	2.820000	2.800000	1219.320000	0.005000	1158.000000	0.000000	1.000000
4.040000	2.820000	2.800000	1378.420000	0.005503	1159.000000	0.000000	1.000000
0.000000	2.880000	2.900000	1356.480000	0.012996	1160.000000	0.000000	1.000000
0.000000	2.880000	2.900000	1356.480000	0.013001	1161.000000	0.000000	1.000000
0.220000	2.900000	2.900000	1375.080000	0.011999	1162.000000	0.000000	1.000000
0.300000	2.880000	2.900000	1350.180000	0.012999	1163.000000	0.000000	1.000000
0.440000	2.880000	2.900000	1346.080000	0.012001	1164.000000	0.000000	1.000000
0.520000	2.880000	2.900000	1332.380000	0.010993	1165.000000	0.000000	1.000000
0.660000	2.880000	2.900000	1324.680000	0.010501	1166.000000	0.000000	1.000000
0.740000	2.880000	2.900000	1303.780000	0.010500	1167.000000	0.000000	1.000000
0.800000	2.860000	2.900000	1249.240000	0.008998	1168.000000	0.000000	1.000000
0.960000	2.880000	2.900000	1264.380000	0.009001	1169.000000	0.000000	1.000000
1.040000	2.880000	2.900000	1231.480000	0.009002	1170.000000	0.000000	1.000000
1.100000	2.860000	2.900000	1160.940000	0.008499	1171.000000	0.000000	1.000000
1.260000	2.880000	2.900000	1174.080000	0.007999	1172.000000	0.000000	1.000000
1.340000	2.880000	2.900000	1129.180000	0.007502	1173.000000	0.000000	1.000000
1.400000	2.860000	2.900000	1042.640000	0.006999	1174.000000	0.000000	1.000000
1.560000	2.880000	2.900000	1053.780000	0.007000	1175.000000	0.000000	1.000000
1.640000	2.880000	2.900000	996.880000	0.005499	1176.000000	0.000000	1.000000
1.700000	2.860000	2.900000	894.340000	0.005499	1177.000000	0.000000	1.000000
1.860000	2.880000	2.900000	903.480000	0.005501	1178.000000	0.000000	1.000000
1.940000	2.880000	2.900000	834.580000	0.005000	1179.000000	0.000000	1.000000
2.000000	2.860000	2.900000	716.040000	0.004499	1180.000000	0.000000	1.000000
2.160000	2.880000	2.900000	723.180000	0.004495	1181.000000	0.000000	1.000000
2.240000	2.880000	2.900000	642.280000	0.003499	1182.000000	0.000000	1.000000
2.300000	2.860000	2.900000	507.740000	0.003507	1183.000000	0.000000	1.000000
2.460000	2.880000	2.900000	512.880000	0.002999	1184.000000	0.000000	1.000000
2.540000	2.880000	2.900000	419.980000	0.002000	1185.000000	0.000000	1.000000
2.600000	2.860000	2.900000	269.440000	0.001500	1186.000000	0.000000	1.000000
2.760000	2.880000	2.900000	272.580000	0.001500	1187.000000	0.000000	1.000000
2.840000	2.880000	2.900000	167.680000	0.001000	1188.000000	0.000000	1.000000
3.060000	2.940000	2.900000	59.940000	0.000000	1189.000000	0.000000	1.000000
3.140000	2.940000	2.900000	183.040000	0.001001	1190.000000	0.000000	1.000000
3.200000	2.920000	2.900000	374.100000	0.001472	1191.000000	0.000000	1.000000
3.360000	2.940000	2.900000	377.640000	0.001999	1192.000000	0.000000	1.000000
3.440000	2.940000	2.900000	512.740000	0.002000	1193.000000	0.000000	1.000000
3.500000	2.920000	2.900000	719.800000	0.003011	1194.000000	0.000000	1.000000
3.660000	2.940000	2.900000	725.340000	0.002999	1195.000000	0.000000	1.000000
3.740000	2.940000	2.900000	872.440000	0.003500	1196.000000	0.000000	1.000000
3.800000	2.920000	2.900000	1095.500000	0.004509	1197.000000	0.000000	1.000000
3.960000	2.940000	2.900000	1103.040000	0.004509	1198.000000	0.000000	1.000000
4.040000	2.940000	2.900000	1262.140000	0.005003	1199.000000	0.000000	1.000000
0.000000	3.000000	3.000000	1473.000000	0.015001	1200.000000	0.000000	1.000000
0.000000	3.000000	3.000000	1473.000000	0.013997	1201.000000	0.000000	1.000000
0.220000	2.960000	3.000000	1433.140000	0.013003	1202.000000	0.000000	1.000000
0.300000	3.000000	3.000000	1466.700000	0.012514	1203.000000	0.000000	1.000000
0.440000	3.000000	3.000000	1462.600000	0.013279	1204.000000	0.000000	1.000000
0.520000	3.000000	3.000000	1448.900000	0.011499	1205.000000	0.000000	1.000000
0.660000	3.000000	3.000000	1441.200000	0.011000	1206.000000	0.000000	1.000000
0.740000	3.000000	3.000000	1420.300000	0.010998	1207.000000	0.000000	1.000000
0.800000	2.980000	3.000000	1364.960000	0.010999	1208.000000	0.000000	1.000000
0.960000	3.000000	3.000000	1380.900000	0.010511	1209.000000	0.000000	1.000000
1.040000	3.000000	3.000000	1348.000000	0.009997	1210.000000	0.000000	1.000000
1.100000	2.980000	3.000000	1276.660000	0.008992	1211.000000	0.000000	1.000000
1.260000	3.000000	3.000000	1290.600000	0.008500	1212.000000	0.000000	1.000000
1.340000	3.000000	3.000000	1245.700000	0.008001	1213.000000	0.000000	1.000000
1.400000	2.980000	3.000000	1158.360000	0.008550	1214.000000	0.000000	1.000000
1.560000	3.000000	3.000000	1170.300000	0.006999	1215.000000	0.000000	1.000000
1.640000	3.000000	3.000000	1113.400000	0.007000	1216.000000	0.000000	1.000000
1.700000	2.980000	3.000000	1010.060000	0.006500	1217.000000	0.000000	1.000000
1.860000	3.000000	3.000000	1020.000000	0.005500	1218.000000	0.000000	1.000000
1.940000	3.000000	3.000000	951.100000	0.005001	1219.000000	0.000000	1.000000
2.000000	2.980000	3.000000	831.760000	0.004511	1220.000000	0.000000	1.000000
2.160000	3.000000	3.000000	839.700000	0.005500	1221.000000	0.000000	1.000000
2.240000	3.000000	3.000000	758.800000	0.003977	1222.000000	0.000000	1.000000
2.300000	2.980000	3.000000	623.460000	0.003010	1223.000000	0.000000	1.000000
2.460000	3.000000	3.000000	629.400000	0.004001	1224.000000	0.000000	1.000000
2.540000	3.000000	3.000000	536.500000	0.002999	1225.000000	0.000000	1.000000
2.600000	2.980000	3.000000	385.160000	0.001499	1226.000000	0.000000	1.000000
2.760000	3.000000	3.000000	389.100000	0.001999	1227.000000	0.000000	1.000000
2.840000	3.000000	3.000000	284.200000	0.001501	1228.000000	0.000000	1.000000
2.900000	2.980000	3.000000	116.860000	0.000499	1229.000000	0.000000	1.000000
3.140000	3.000000	3.000000	123.100000	0.000500	1230.000000	0.000000	1.000000
3.200000	3.040000	3.000000	253.820000	0.001498	1231.000000	0.000000	1.000000
3.360000	3.000000	3.000000	317.700000	0.001484	1232.000000	0.000000	1.000000
3.440000	3.000000	3.000000	452.800000	0.001487	1233.000000	0.000000	1.000000
3.500000	3.040000	3.000000	599.520000	0.003006	1234.000000	0.000000	1.000000
3.660000	3.000000	3.000000	665.400000	0.003000	1235.000000	0.000000	1.000000
3.740000	3.000000	3.000000	812.500000	0.003500	1236.000000	0.000000	1.000000
3.800000	3.040000	3.000000	975.220000	0.004009	1237.000000	0.000000	1.000000
3.960000	3.000000	3.000000	1043.100000	0.004501	1238.000000	0.000000	1.000000
4.040000	3.000000	3.000000	1202.200000	0.004999	1239.000000	0.000000	1.000000
0.000000	3.060000	3.100000	1533.060000	0.014501	1240.000000	0.000000	1.000000
0.000000	3.060000	3.100000	1533.060000	0.014498	1241.000000	0.000000	1.000000
0.220000	3.080000	3.100000	1552.860000	0.013501	1242.000000	0.000000	1.000000
0.300000	3.060000	3.100000	1526.760000	0.012501	1243.000000	0.000000	1.000000
0.440000	3.060000	3.100000	1522.660000	0.012499	1244.000000	0.000000	1.000000
0.520000	3.060000	3.100000	1508.960000	0.012001	1245.000000	0.000000	1.000000
0.660000	3.060000	3.100000	1501.260000	0.012000	1246.000000	0.000000	1.000000
0.740000	3.060000	3.100000	1480.360000	0.011000	1247.000000	0.000000	1.000000
0.800000	3.100000	3.100000	1485.480000	0.010510	1248.000000	0.000000	1.000000
0.960000	3.060000	3.100000	1440.960000	0.009997	1249.000000	0.000000	1.000000
1.040000	3.060000	3.100000	1408.060000	0.009999	1250.000000	0.000000	1.000000
1.100000	3.100000	3.100000	1397.180000	0.009496	1251.000000	0.000000	1.000000
1.260000	3.060000	3.100000	1350.660000	0.008501	1252.000000	0.000000	1.000000
1.340000	3.060000	3.100000	1305.760000	0.009005	1253.000000	0.000000	1.000000
1.400000	3.100000	3.100000	1278.880000	0.006999	1254.000000	0.000000	1.000000
1.560000	3.060000	3.100000	1230.360000	0.007499	1255.000000	0.000000	1.000000
1.640000	3.060000	3.100000	1173.460000	0.007996	1256.000000	0.000000	1.000000
1.700000	3.100000	3.100000	1130.580000	0.006496	1257.000000	0.000000	1.000000
1.860000	3.060000	3.100000	1080.060000	0.005995	1258.000000	0.000000	1.000000
1.940000	3.060000	3.100000	1011.160000	0.006014	1259.000000	0.000000	1.000000
2.000000	3.100000	3.100000	952.280000	0.005003	1260.000000	0.000000	1.000000
2.160000	3.060000	3.100000	899.760000	0.004485	1261.000000	0.000000	1.000000
2.240000	3.060000	3.100000	818.860000	0.004500	1262.000000	0.000000	1.000000
2.300000	3.100000	3.100000	743.980000	0.003501	1263.000000	0.000000	1.000000
2.460000	3.060000	3.100000	689.460000	0.003000	1264.000000	0.000000	1.000000
2.540000	3.060000	3.100000	596.560000	0.003507	1265.000000	0.000000	1.000000
2.600000	3.100000	3.100000	505.680000	0.002500	1266.000000	0.000000	1.000000
2.760000	3.060000	3.100000	449.160000	0.002000	1267.000000	0.000000	1.000000
2.840000	3.060000	3.100000	344.260000	0.001500	1268.000000	0.000000	1.000000
2.900000	3.100000	3.100000	237.380000	0.001488	1269.000000	0.000000	1.000000
3.060000	3.060000	3.100000	178.860000	0.001011	1270.000000	0.000000	1.000000
3.200000	3.100000	3.100000	191.880000	0.000499	1271.000000	0.000000	1.000000
3.360000	3.120000	3.100000	194.220000	0.001000	1272.000000	0.000000	1.000000
3.440000	3.120000	3.100000	329.320000	0.001500	1273.000000	0.000000	1.000000
3.500000	3.100000	3.100000	537.580000	0.002002	1274.000000	0.000000	1.000000
3.660000	3.120000	3.100000	541.920000	0.001991	1275.000000	0.000000	1.000000
3.740000	3.120000	3.100000	689.020000	0.002499	1276.000000	0.000000	1.000000
3.800000	3.100000	3.100000	913.280000	0.003000	1277.000000	0.000000	1.000000
3.960000	3.120000	3.100000	919.620000	0.003003	1278.000000	0.000000	1.000000
4.040000	3.120000	3.100000	1078.720000	0.004000	1279.000000	0.000000	1.000000
0.000000	3.180000	3.200000	1656.780000	0.014999	1280.000000	0.000000	1.000000
0.000000	3.180000	3.200000	1656.780000	0.014513	1281.000000	0.000000	1.000000
0.220000	3.200000	3.200000	1677.380000	0.013499	1282.000000	0.000000	1.000000
0.300000	3.180000	3.200000	1650.480000	0.013996	1283.000000	0.000000	1.000000
0.440000	3.180000	3.200000	1646.380000	0.014005	1284.000000	0.000000	1.000000
0.520000	3.180000	3.200000	1632.680000	0.013500	1285.000000	0.000000	1.000000
0.660000	3.180000	3.200000	1624.980000	0.013005	1286.000000	0.000000	1.000000
0.740000	3.180000	3.200000	1604.080000	0.012499	1287.000000	0.000000	1.000000
0.800000	3.160000	3.200000	1547.540000	0.010995	1288.000000	0.000000	1.000000
0.960000	3.180000	3.200000	1564.680000	0.010500	1289.000000	0.000000	1.000000
1.040000	3.180000	3.200000	1531.780000	0.010500	1290.000000	0.000000	1.000000
1.100000	3.160000	3.200000	1459.240000	0.010500	1291.000000	0.000000	1.000000
1.260000	3.180000	3.200000	1474.380000	0.010010	1292.000000	0.000000	1.000000
1.340000	3.180000	3.200000	1429.480000	0.008967	1293.000000	0.000000	1.000000
1.400000	3.160000	3.200000	1340.940000	0.009001	1294.000000	0.000000	1.000000
1.560000	3.180000	3.200000	1354.080000	0.008494	1295.000000	0.000000	1.000000
1.640000	3.180000	3.200000	1297.180000	0.008513	1296.000000	0.000000	1.000000
1.700000	3.160000	3.200000	1192.640000	0.006997	1297.000000	0.000000	1.000000
1.860000	3.180000	3.200000	1203.780000	0.006500	1298.000000	0.000000	1.000000
1.940000	3.180000	3.200000	1134.880000	0.006499	1299.000000	0.000000	1.000000
2.000000	3.160000	3.200000	1014.340000	0.005500	1300.000000	0.000000	1.000000
2.160000	3.180000	3.200000	1023.480000	0.006000	1301.000000	0.000000	1.000000
2.240000	3.180000	3.200000	942.580000	0.004999	1302.000000	0.000000	1.000000
2.300000	3.160000	3.200000	806.040000	0.003990	1303.000000	0.000000	1.000000
2.460000	3.180000	3.200000	813.180000	0.004503	1304.000000	0.000000	1.000000
2.540000	3.180000	3.200000	720.280000	0.003498	1305.000000	0.000000	1.000000
2.600000	3.160000	3.200000	567.740000	0.002999	1306.000000	0.000000	1.000000
2.760000	3.180000	3.200000	572.880000	0.002999	1307.000000	0.000000	1.000000
2.840000	3.180000	3.200000	467.980000	0.001999	1308.000000	0.000000	1.000000
2.900000	3.160000	3.200000	299.440000	0.001512	1309.000000	0.000000	1.000000
3.060000	3.180000	3.200000	302.580000	0.001500	1310.000000	0.000000	1.000000
3.140000	3.180000	3.200000	185.680000	0.000999	1311.000000	0.000000	1.000000
3.360000	3.240000	3.200000	65.940000	0.000500	1312.000000	0.000000	1.000000
3.440000	3.240000	3.200000	201.040000	0.001000	1313.000000	0.000000	1.000000
3.500000	3.220000	3.200000	410.100000	0.001500	1314.000000	0.000000	1.000000
3.660000	3.240000	3.200000	413.640000	0.002001	1315.000000	0.000000	1.000000
3.740000	3.240000	3.200000	560.740000	0.002499	1316.000000	0.000000	1.000000
3.800000	3.220000	3.200000	785.800000	0.003499	1317.000000	0.000000	1.000000
3.960000	3.240000	3.200000	791.340000	0.002498	1318.000000	0.000000	1.000000
4.040000	3.240000	3.200000	950.440000	0.003999	1319.000000	0.000000	1.000000
0.000000	3.300000	3.300000	1785.300000	0.016519	1320.000000	0.000000	1.000000
0.000000	3.300000	3.300000	1785.300000	0.016501	1321.000000	0.000000	1.000000
0.220000	3.260000	3.300000	1741.440000	0.013998	1322.000000	0.000000	1.000000
0.300000	3.300000	3.300000	1779.000000	0.014499	1323.000000	0.000000	1.000000
0.440000	3.300000	3.300000	1774.900000	0.014998	1324.000000	0.000000	1.000000
0.520000	3.300000	3.300000	1761.200000	0.014000	1325.000000	0.000000	1.000000
0.660000	3.300000	3.300000	1753.500000	0.012527	1326.000000	0.000000	1.000000
0.740000	3.300000	3.300000	1732.600000	0.012510	1327.000000	0.000000	1.000000
0.800000	3.280000	3.300000	1675.260000	0.011999	1328.000000	0.000000	1.000000
0.960000	3.300000	3.300000	1693.200000	0.011500	1329.000000	0.000000	1.000000
1.040000	3.300000	3.300000	1660.300000	0.011000	1330.000000	0.000000	1.000000
1.100000	3.280000	3.300000	1586.960000	0.009998	1331.000000	0.000000	1.000000
1.260000	3.300000	3.300000	1602.900000	0.010999	1332.000000	0.000000	1.000000
1.340000	3.300000	3.300000	1558.000000	0.010013	1333.000000	0.000000	1.000000
1.400000	3.280000	3.300000	1468.660000	0.008999	1334.000000	0.000000	1.000000
1.560000	3.300000	3.300000	1482.600000	0.009498	1335.000000	0.000000	1.000000
1.640000	3.300000	3.300000	1425.700000	0.009001	1336.000000	0.000000	1.000000
1.700000	3.280000	3.300000	1320.360000	0.007500	1337.000000	0.000000	1.000000
1.860000	3.300000	3.300000	1332.300000	0.008499	1338.000000	0.000000	1.000000
1.940000	3.300000	3.300000	1263.400000	0.006500	1339.000000	0.000000	1.000000
2.000000	3.280000	3.300000	1142.060000	0.006500	1340.000000	0.000000	1.000000
2.160000	3.300000	3.300000	1152.000000	0.006501	1341.000000	0.000000	1.000000
2.240000	3.300000	3.300000	1071.100000	0.006017	1342.000000	0.000000	1.000000
2.300000	3.280000	3.300000	933.760000	0.004500	1343.000000	0.000000	1.000000
2.460000	3.300000	3.300000	941.700000	0.005000	1344.000000	0.000000	1.000000
2.540000	3.300000	3.300000	848.800000	0.003998	1345.000000	0.000000	1.000000
2.600000	3.280000	3.300000	695.460000	0.003499	1346.000000	0.000000	1.000000
2.760000	3.300000	3.300000	701.400000	0.003500	1347.000000	0.000000	1.000000
2.840000	3.300000	3.300000	596.500000	0.003000	1348.000000	0.000000	1.000000
2.900000	3.280000	3.300000	427.160000	0.002000	1349.000000	0.000000	1.000000
3.060000	3.300000	3.300000	431.100000	0.002500	1350.000000	0.000000	1.000000
3.140000	3.300000	3.300000	314.200000	0.001514	1351.000000	0.000000	1.000000
3.200000	3.280000	3.300000	128.860000	0.001000	1352.000000	0.000000	1.000000
3.440000	3.300000	3.300000	135.100000	0.000499	1353.000000	0.000000	1.000000
3.500000	3.340000	3.300000	277.820000	0.000501	1354.000000	0.000000	1.000000
3.660000	3.300000	3.300000	347.700000	0.001501	1355.000000	0.000000	1.000000
3.740000	3.300000	3.300000	494.800000	0.001999	1356.000000	0.000000	1.000000
3.800000	3.340000	3.300000	653.520000	0.003002	1357.000000	0.000000	1.000000
3.960000	3.300000	3.300000	725.400000	0.003000	1358.000000	0.000000	1.000000
4.040000	3.300000	3.300000	884.500000	0.003500	1359.000000	0.000000	1.000000
0.000000	3.360000	3.400000	1851.360000	0.016500	1360.000000	0.000000	1.000000
0.000000	3.360000	3.400000	1851.360000	0.016499	1361.000000	0.000000	1.000000
0.220000	3.380000	3.400000	1873.160000	0.015498	1362.000000	0.000000	1.000000
0.300000	3.360000	3.400000	1845.060000	0.014998	1363.000000	0.000000	1.000000
0.440000	3.360000	3.400000	1840.960000	0.014997	1364.000000	0.000000	1.000000
0.520000	3.360000	3.400000	1827.260000	0.015058	1365.000000	0.000000	1.000000
0.660000	3.360000	3.400000	1819.560000	0.013508	1366.000000	0.000000	1.000000
0.740000	3.360000	3.400000	1798.660000	0.013000	1367.000000	0.000000	1.000000
0.800000	3.400000	3.400000	1807.780000	0.012501	1368.000000	0.000000	1.000000
0.960000	3.360000	3.400000	1759.260000	0.012501	1369.000000	0.000000	1.000000
1.040000	3.360000	3.400000	1726.360000	0.012000	1370.000000	0.000000	1.000000
1.100000	3.400000	3.400000	1719.480000	0.011000	1371.000000	0.000000	1.000000
1.260000	3.360000	3.400000	1668.960000	0.011000	1372.000000	0.000000	1.000000
1.340000	3.360000	3.400000	1624.060000	0.010499	1373.000000	0.000000	1.000000
1.400000	3.400000	3.400000	1601.180000	0.010016	1374.000000	0.000000	1.000000
1.560000	3.360000	3.400000	1548.660000	0.010001	1375.000000	0.000000	1.000000
1.640000	3.360000	3.400000	1491.760000	0.009501	1376.000000	0.000000	1.000000
1.700000	3.400000	3.400000	1452.880000	0.008499	1377.000000	0.000000	1.000000
1.860000	3.360000	3.400000	1398.360000	0.008499	1378.000000	0.000000	1.000000
1.940000	3.360000	3.400000	1329.460000	0.007001	1379.000000	0.000000	1.000000
2.000000	3.400000	3.400000	1274.580000	0.007001	1380.000000	0.000000	1.000000
2.160000	3.360000	3.400000	1218.060000	0.006997	1381.000000	0.000000	1.000000
2.240000	3.360000	3.400000	1137.160000	0.005990	1382.000000	0.000000	1.000000
2.300000	3.400000	3.400000	1066.280000	0.006001	1383.000000	0.000000	1.000000
2.460000	3.360000	3.400000	1007.760000	0.005498	1384.000000	0.000000	1.000000
2.540000	3.360000	3.400000	914.860000	0.005498	1385.000000	0.000000	1.000000
2.600000	3.400000	3.400000	827.980000	0.003488	1386.000000	0.000000	1.000000
2.760000	3.360000	3.400000	767.460000	0.004002	1387.000000	0.000000	1.000000
2.840000	3.360000	3.400000	662.560000	0.003000	1388.000000	0.000000	1.000000
2.900000	3.400000	3.400000	559.680000	0.003501	1389.000000	0.000000	1.000000
3.060000	3.360000	3.400000	497.160000	0.002518	1390.000000	0.000000	1.000000
3.140000	3.360000	3.400000	380.260000	0.001993	1391.000000	0.000000	1.000000
3.200000	3.400000	3.400000	261.380000	0.001499	1392.000000	0.000000	1.000000
3.360000	3.360000	3.400000	196.860000	0.000988	1393.000000	0.000000	1.000000
3.500000	3.400000	3.400000	209.880000	0.001005	1394.000000	0.000000	1.000000
3.660000	3.420000	3.400000	212.220000	0.000993	1395.000000	0.000000	1.000000
3.740000	3.420000	3.400000	359.320000	0.001499	1396.000000	0.000000	1.000000
3.800000	3.400000	3.400000	585.580000	0.002499	1397.000000	0.000000	1.000000
3.960000	3.420000	3.400000	589.920000	0.001999	1398.000000	0.000000	1.000000
4.040000	3.420000	3.400000	749.020000	0.003500	1399.000000	0.000000	1.000000
0.000000	3.480000	3.500000	1987.080000	0.016997	1400.000000	0.000000	1.000000
0.000000	3.480000	3.500000	1987.080000	0.018003	1401.000000	0.000000	1.000000
0.220000	3.500000	3.500000	2009.680000	0.016996	1402.000000	0.000000	1.000000
0.300000	3.480000	3.500000	1980.780000	0.015998	1403.000000	0.000000	1.000000
0.440000	3.480000	3.500000	1976.680000	0.017503	1404.000000	0.000000	1.000000
0.520000	3.480000	3.500000	1962.980000	0.014500	1405.000000	0.000000	1.000000
0.660000	3.480000	3.500000	1955.280000	0.015500	1406.000000	0.000000	1.000000
0.740000	3.480000	3.500000	1934.380000	0.013503	1407.000000	0.000000	1.000000
0.800000	3.460000	3.500000	1875.840000	0.013499	1408.000000	0.000000	1.000000
0.960000	3.480000	3.500000	1894.980000	0.013006	1409.000000	0.000000	1.000000
1.040000	3.480000	3.500000	1862.080000	0.012498	1410.000000	0.000000	1.000000
1.100000	3.460000	3.500000	1787.540000	0.011001	1411.000000	0.000000	1.000000
1.260000	3.480000	3.500000	1804.680000	0.011500	1412.000000	0.000000	1.000000
1.340000	3.480000	3.500000	1759.780000	0.012009	1413.000000	0.000000	1.000000
1.400000	3.460000	3.500000	1669.240000	0.010515	1414.000000	0.000000	1.000000
1.560000	3.480000	3.500000	1684.380000	0.010518	1415.000000	0.000000	1.000000
1.640000	3.480000	3.500000	1627.480000	0.010478	1416.000000	0.000000	1.000000
1.700000	3.460000	3.500000	1520.940000	0.009499	1417.000000	0.000000	1.000000
1.860000	3.480000	3.500000	1534.080000	0.008998	1418.000000	0.000000	1.000000
1.940000	3.480000	3.500000	1465.180000	0.008990	1419.000000	0.000000	1.000000
2.000000	3.460000	3.500000	1342.640000	0.006502	1420.000000	0.000000	1.000000
2.160000	3.480000	3.500000	1353.780000	0.007502	1421.000000	0.000000	1.000000
2.240000	3.480000	3.500000	1272.880000	0.007506	1422.000000	0.000000	1.000000
2.300000	3.460000	3.500000	1134.340000	0.006000	1423.000000	0.000000	1.000000
2.460000	3.480000	3.500000	1143.480000	0.006500	1424.000000	0.000000	1.000000
2.540000	3.480000	3.500000	1050.580000	0.005502	1425.000000	0.000000	1.000000
2.600000	3.460000	3.500000	896.040000	0.005000	1426.000000	0.000000	1.000000
2.760000	3.480000	3.500000	903.180000	0.003500	1427.000000	0.000000	1.000000
2.840000	3.480000	3.500000	798.280000	0.003498	1428.000000	0.000000	1.000000
2.900000	3.460000	3.500000	627.740000	0.003000	1429.000000	0.000000	1.000000
3.060000	3.480000	3.500000	632.880000	0.003000	1430.000000	0.000000	1.000000
3.140000	3.480000	3.500000	515.980000	0.002546	1431.000000	0.000000	1.000000
3.200000	3.460000	3.500000	329.440000	0.001495	1432.000000	0.000000	1.000000
3.360000	3.480000	3.500000	332.580000	0.001491	1433.000000	0.000000	1.000000
3.440000	3.480000	3.500000	203.680000	0.000497	1434.000000	0.000000	1.000000
3.660000	3.540000	3.500000	71.940000	0.000000	1435.000000	0.000000	1.000000
3.740000	3.540000	3.500000	219.040000	0.000999	1436.000000	0.000000	1.000000
3.800000	3.520000	3.500000	446.100000	0.002001	1437.000000	0.000000	1.000000
3.960000	3.540000	3.500000	449.640000	0.001501	1438.000000	0.000000	1.000000
4.040000	3.540000	3.500000	608.740000	0.002503	1439.000000	0.000000	1.000000
0.000000	3.600000	3.600000	2127.600000	0.018007	1440.000000	0.000000	1.000000
0.000000	3.600000	3.600000	2127.600000	0.017500	1441.000000	0.000000	1.000000
0.220000	3.560000	3.600000	2079.740000	0.016998	1442.000000	0.000000	1.000000
0.300000	3.600000	3.600000	2121.300000	0.017501	1443.000000	0.000000	1.000000
0.440000	3.600000	3.600000	2117.200000	0.016502	1444.000000	0.000000	1.000000
0.520000	3.600000	3.600000	2103.500000	0.016018	1445.000000	0.000000	1.000000
0.660000	3.600000	3.600000	2095.800000	0.015489	1446.000000	0.000000	1.000000
0.740000	3.600000	3.600000	2074.900000	0.015011	1447.000000	0.000000	1.000000
0.800000	3.580000	3.600000	2015.560000	0.013501	1448.000000	0.000000	1.000000
0.960000	3.600000	3.600000	2035.500000	0.014500	1449.000000	0.000000	1.000000
1.040000	3.600000	3.600000	2002.600000	0.014002	1450.000000	0.000000	1.000000
1.100000	3.580000	3.600000	1927.260000	0.013000	1451.000000	0.000000	1.000000
1.260000	3.600000	3.600000	1945.200000	0.012499	1452.000000	0.000000	1.000000
1.340000	3.600000	3.600000	1900.300000	0.012499	1453.000000	0.000000	1.000000
1.400000	3.580000	3.600000	1808.960000	0.010999	1454.000000	0.000000	1.000000
1.560000	3.600000	3.600000	1824.900000	0.011509	1455.000000	0.000000	1.000000
1.640000	3.600000	3.600000	1768.000000	0.010499	1456.000000	0.000000	1.000000
1.700000	3.580000	3.600000	1660.660000	0.009500	1457.000000	0.000000	1.000000
1.860000	3.600000	3.600000	1674.600000	0.009500	1458.000000	0.000000	1.000000
1.940000	3.600000	3.600000	1605.700000	0.009024	1459.000000	0.000000	1.000000
2.000000	3.580000	3.600000	1482.360000	0.008000	1460.000000	0.000000	1.000000
2.160000	3.600000	3.600000	1494.300000	0.008023	1461.000000	0.000000	1.000000
2.240000	3.600000	3.600000	1413.400000	0.007002	1462.000000	0.000000	1.000000
2.300000	3.580000	3.600000	1274.060000	0.006993	1463.000000	0.000000	1.000000
2.460000	3.600000	3.600000	1284.000000	0.007484	1464.000000	0.000000	1.000000
2.540000	3.600000	3.600000	1191.100000	0.005500	1465.000000	0.000000	1.000000
2.600000	3.580000	3.600000	1035.760000	0.004999	1466.000000	0.000000	1.000000
2.760000	3.600000	3.600000	1043.700000	0.005501	1467.000000	0.000000	1.000000
2.840000	3.600000	3.600000	938.800000	0.004483	1468.000000	0.000000	1.000000
2.900000	3.580000	3.600000	767.460000	0.004000	1469.000000	0.000000	1.000000
3.060000	3.600000	3.600000	773.400000	0.003501	1470.000000	0.000000	1.000000
3.140000	3.600000	3.600000	656.500000	0.003000	1471.000000	0.000000	1.000000
3.200000	3.580000	3.600000	469.160000	0.001999	1472.000000	0.000000	1.000000
3.360000	3.600000	3.600000	473.100000	0.002501	1473.000000	0.000000	1.000000
3.440000	3.600000	3.600000	344.200000	0.001499	1474.000000	0.000000	1.000000
3.500000	3.580000	3.600000	140.860000	0.000500	1475.000000	0.000000	1.000000
3.740000	3.600000	3.600000	147.100000	0.001000	1476.000000	0.000000	1.000000
3.800000	3.640000	3.600000	301.820000	0.001001	1477.000000	0.000000	1.000000
3.960000	3.600000	3.600000	377.700000	0.001493	1478.000000	0.000000	1.000000
4.040000	3.600000	3.600000	536.800000	0.002499	1479.000000	0.000000	1.000000
0.000000	3.660000	3.700000	2199.660000	0.018998	1480.000000	0.000000	1.000000
0.000000	3.660000	3.700000	2199.660000	0.019502	1481.000000	0.000000	1.000000
0.220000	3.680000	3.700000	2223.460000	0.018000	1482.000000	0.000000	1.000000
0.300000	3.660000	3.700000	2193.360000	0.016999	1483.000000	0.000000	1.000000
0.440000	3.660000	3.700000	2189.260000	0.016999	1484.000000	0.000000	1.000000
0.520000	3.660000	3.700000	2175.560000	0.016001	1485.000000	0.000000	1.000000
0.660000	3.660000	3.700000	2167.860000	0.015494	1486.000000	0.000000	1.000000
0.740000	3.660000	3.700000	2146.960000	0.015496	1487.000000	0.000000	1.000000
0.800000	3.700000	3.700000	2160.080000	0.014498	1488.000000	0.000000	1.000000
0.960000	3.660000	3.700000	2107.560000	0.014499	1489.000000	0.000000	1.000000
1.040000	3.660000	3.700000	2074.660000	0.014000	1490.000000	0.000000	1.000000
1.100000	3.700000	3.700000	2071.780000	0.014001	1491.000000	0.000000	1.000000
1.260000	3.660000	3.700000	2017.260000	0.012500	1492.000000	0.000000	1.000000
1.340000	3.660000	3.700000	1972.360000	0.012498	1493.000000	0.000000	1.000000
1.400000	3.700000	3.700000	1953.480000	0.011500	1494.000000	0.000000	1.000000
1.560000	3.660000	3.700000	1896.960000	0.011989	1495.000000	0.000000	1.000000
1.640000	3.660000	3.700000	1840.060000	0.011506	1496.000000	0.000000	1.000000
1.700000	3.700000	3.700000	1805.180000	0.010254	1497.000000	0.000000	1.000000
1.860000	3.660000	3.700000	1746.660000	0.010499	1498.000000	0.000000	1.000000
1.940000	3.660000	3.700000	1677.760000	0.009497	1499.000000	0.000000	1.000000
2.000000	3.700000	3.700000	1626.880000	0.008500	1500.000000	0.000000	1.000000
2.160000	3.660000	3.700000	1566.360000	0.009000	1501.000000	0.000000	1.000000
2.240000	3.660000	3.700000	1485.460000	0.007998	1502.000000	0.000000	1.000000
2.300000	3.700000	3.700000	1418.580000	0.006501	1503.000000	0.000000	1.000000
2.460000	3.660000	3.700000	1356.060000	0.007483	1504.000000	0.000000	1.000000
2.540000	3.660000	3.700000	1263.160000	0.005999	1505.000000	0.000000	1.000000
2.600000	3.700000	3.700000	1180.280000	0.006515	1506.000000	0.000000	1.000000
2.760000	3.660000	3.700000	1115.760000	0.006001	1507.000000	0.000000	1.000000
2.840000	3.660000	3.700000	1010.860000	0.004998	1508.000000	0.000000	1.000000
2.900000	3.700000	3.700000	911.980000	0.005000	1509.000000	0.000000	1.000000
3.060000	3.660000	3.700000	845.460000	0.003999	1510.000000	0.000000	1.000000
3.140000	3.660000	3.700000	728.560000	0.003002	1511.000000	0.000000	1.000000
3.200000	3.700000	3.700000	613.680000	0.003499	1512.000000	0.000000	1.000000
3.360000	3.660000	3.700000	545.160000	0.002002	1513.000000	0.000000	1.000000
3.440000	3.660000	3.700000	416.260000	0.001500	1514.000000	0.000000	1.000000
3.500000	3.700000	3.700000	285.380000	0.001500	1515.000000	0.000000	1.000000
3.660000	3.660000	3.700000	214.860000	0.001501	1516.000000	0.000000	1.000000
3.800000	3.700000	3.700000	227.880000	0.001002	1517.000000	0.000000	1.000000
3.960000	3.720000	3.700000	230.220000	0.001000	1518.000000	0.000000	1.000000
4.040000	3.720000	3.700000	389.320000	0.001500	1519.000000	0.000000	1.000000
0.000000	3.780000	3.800000	2347.380000	0.019503	1520.000000	0.000000	1.000000
0.000000	3.780000	3.800000	2347.380000	0.018683	1521.000000	0.000000	1.000000
0.220000	3.800000	3.800000	2371.980000	0.020008	1522.000000	0.000000	1.000000
0.300000	3.780000	3.800000	2341.080000	0.018498	1523.000000	0.000000	1.000000
0.440000	3.780000	3.800000	2336.980000	0.019500	1524.000000	0.000000	1.000000
0.520000	3.780000	3.800000	2323.280000	0.017500	1525.000000	0.000000	1.000000
0.660000	3.780000	3.800000	2315.580000	0.016986	1526.000000	0.000000	1.000000
0.740000	3.780000	3.800000	2294.680000	0.016999	1527.000000	0.000000	1.000000
0.800000	3.760000	3.800000	2234.140000	0.015013	1528.000000	0.000000	1.000000
0.960000	3.780000	3.800000	2255.280000	0.015501	1529.000000	0.000000	1.000000
1.040000	3.780000	3.800000	2222.380000	0.014491	1530.000000	0.000000	1.000000
1.100000	3.760000	3.800000	2145.840000	0.013994	1531.000000	0.000000	1.000000
1.260000	3.780000	3.800000	2164.980000	0.013984	1532.000000	0.000000	1.000000
1.340000	3.780000	3.800000	2120.080000	0.014001	1533.000000	0.000000	1.000000
1.400000	3.760000	3.800000	2027.540000	0.012500	1534.000000	0.000000	1.000000
1.560000	3.780000	3.800000	2044.680000	0.012498	1535.000000	0.000000	1.000000
1.640000	3.780000	3.800000	1987.780000	0.012042	1536.000000	0.000000	1.000000
1.700000	3.760000	3.800000	1879.240000	0.011005	1537.000000	0.000000	1.000000
1.860000	3.780000	3.800000	1894.380000	0.011503	1538.000000	0.000000	1.000000
1.940000	3.780000	3.800000	1825.480000	0.010985	1539.000000	0.000000	1.000000
2.000000	3.760000	3.800000	1700.940000	0.008992	1540.000000	0.000000	1.000000
2.160000	3.780000	3.800000	1714.080000	0.009000	1541.000000	0.000000	1.000000
2.240000	3.780000	3.800000	1633.180000	0.009003	1542.000000	0.000000	1.000000
2.300000	3.760000	3.800000	1492.640000	0.007999	1543.000000	0.000000	1.000000
2.460000	3.780000	3.800000	1503.780000	0.007500	1544.000000	0.000000	1.000000
2.540000	3.780000	3.800000	1410.880000	0.007001	1545.000000	0.000000	1.000000
2.600000	3.760000	3.800000	1254.340000	0.005999	1546.000000	0.000000	1.000000
2.760000	3.780000	3.800000	1263.480000	0.006514	1547.000000	0.000000	1.000000
2.840000	3.780000	3.800000	1158.580000	0.006001	1548.000000	0.000000	1.000000
2.900000	3.760000	3.800000	986.040000	0.005000	1549.000000	0.000000	1.000000
3.060000	3.780000	3.800000	993.180000	0.005007	1550.000000	0.000000	1.000000
3.140000	3.780000	3.800000	876.280000	0.005001	1551.000000	0.000000	1.000000
3.200000	3.760000	3.800000	687.740000	0.003500	1552.000000	0.000000	1.000000
3.360000	3.780000	3.800000	692.880000	0.002997	1553.000000	0.000000	1.000000
3.440000	3.780000	3.800000	563.980000	0.002487	1554.000000	0.000000	1.000000
3.500000	3.760000	3.800000	359.440000	0.001493	1555.000000	0.000000	1.000000
3.660000	3.780000	3.800000	362.580000	0.001493	1556.000000	0.000000	1.000000
3.740000	3.780000	3.800000	221.680000	0.000999	1557.000000	0.000000	1.000000
3.960000	3.840000	3.800000	77.940000	0.000000	1558.000000	0.000000	1.000000
4.040000	3.840000	3.800000	237.040000	0.000500	1559.000000	0.000000	1.000000
0.000000	3.900000	3.900000	2499.900000	0.021500	1560.000000	0.000000	1.000000
0.000000	3.900000	3.900000	2499.900000	0.020999	1561.000000	0.000000	1.000000
0.220000	3.860000	3.900000	2448.040000	0.020499	1562.000000	0.000000	1.000000
0.300000	3.900000	3.900000	2493.600000	0.019001	1563.000000	0.000000	1.000000
0.440000	3.900000	3.900000	2489.500000	0.018009	1564.000000	0.000000	1.000000
0.520000	3.900000	3.900000	2475.800000	0.017491	1565.000000	0.000000	1.000000
0.660000	3.900000	3.900000	2468.100000	0.017507	1566.000000	0.000000	1.000000
0.740000	3.900000	3.900000	2447.200000	0.017488	1567.000000	0.000000	1.000000
0.800000	3.880000	3.900000	2385.860000	0.015490	1568.000000	0.000000	1.000000
0.960000	3.900000	3.900000	2407.800000	0.016026	1569.000000	0.000000	1.000000
1.040000	3.900000	3.900000	2374.900000	0.015001	1570.000000	0.000000	1.000000
1.100000	3.880000	3.900000	2297.560000	0.015512	1571.000000	0.000000	1.000000
1.260000	3.900000	3.900000	2317.500000	0.014507	1572.000000	0.000000	1.000000
1.340000	3.900000	3.900000	2272.600000	0.014497	1573.000000	0.000000	1.000000
1.400000	3.880000	3.900000	2179.260000	0.013489	1574.000000	0.000000	1.000000
1.560000	3.900000	3.900000	2197.200000	0.014503	1575.000000	0.000000	1.000000
1.640000	3.900000	3.900000	2140.300000	0.013009	1576.000000	0.000000	1.000000
1.700000	3.880000	3.900000	2030.960000	0.011501	1577.000000	0.000000	1.000000
1.860000	3.900000	3.900000	2046.900000	0.012000	1578.000000	0.000000	1.000000
1.940000	3.900000	3.900000	1978.000000	0.010999	1579.000000	0.000000	1.000000
2.000000	3.880000	3.900000	1852.660000	0.009511	1580.000000	0.000000	1.000000
2.160000	3.900000	3.900000	1866.600000	0.010500	1581.000000	0.000000	1.000000
2.240000	3.900000	3.900000	1785.700000	0.009501	1582.000000	0.000000	1.000000
2.300000	3.880000	3.900000	1644.360000	0.007997	1583.000000	0.000000	1.000000
2.460000	3.900000	3.900000	1656.300000	0.008521	1584.000000	0.000000	1.000000
2.540000	3.900000	3.900000	1563.400000	0.007062	1585.000000	0.000000	1.000000
2.600000	3.880000	3.900000	1406.060000	0.007014	1586.000000	0.000000	1.000000
2.760000	3.900000	3.900000	1416.000000	0.007000	1587.000000	0.000000	1.000000
2.840000	3.900000	3.900000	1311.100000	0.006501	1588.000000	0.000000	1.000000
2.900000	3.880000	3.900000	1137.760000	0.005000	1589.000000	0.000000	1.000000
3.060000	3.900000	3.900000	1145.700000	0.005002	1590.000000	0.000000	1.000000
3.140000	3.900000	3.900000	1028.800000	0.005000	1591.000000	0.000000	1.000000
3.200000	3.880000	3.900000	839.460000	0.003499	1592.000000	0.000000	1.000000
3.360000	3.900000	3.900000	845.400000	0.003500	1593.000000	0.000000	1.000000
3.440000	3.900000	3.900000	716.500000	0.003999	1594.000000	0.000000	1.000000
3.500000	3.880000	3.900000	511.160000	0.001985	1595.000000	0.000000	1.000000
3.660000	3.900000	3.900000	515.100000	0.001999	1596.000000	0.000000	1.000000
3.740000	3.900000	3.900000	374.200000	0.001994	1597.000000	0.000000	1.000000
3.800000	3.880000	3.900000	152.860000	0.000499	1598.000000	0.000000	1.000000
4.040000	3.900000	3.900000	159.100000	0.000474	1599.000000	0.000000	1.000000
0.000000	3.960000	4.000000	2577.960000	0.020997	1600.000000	0.000000	1.000000
0.000000	3.960000	4.000000	2577.960000	0.019498	1601.000000	0.000000	1.000000
0.220000	3.980000	4.000000	2603.760000	0.020505	1602.000000	0.000000	1.000000
0.300000	3.960000	4.000000	2571.660000	0.020506	1603.000000	0.000000	1.000000
0.440000	3.960000	4.000000	2567.560000	0.020000	1604.000000	0.000000	1.000000
0.520000	3.960000	4.000000	2553.860000	0.018999	1605.000000	0.000000	1.000000
0.660000	3.960000	4.000000	2546.160000	0.018501	1606.000000	0.000000	1.000000
0.740000	3.960000	4.000000	2525.260000	0.018001	1607.000000	0.000000	1.000000
0.800000	4.000000	4.000000	2542.380000	0.018001	1608.000000	0.000000	1.000000
0.960000	3.960000	4.000000	2485.860000	0.016998	1609.000000	0.000000	1.000000
1.040000	3.960000	4.000000	2452.960000	0.016499	1610.000000	0.000000	1.000000
1.100000	4.000000	4.000000	2454.080000	0.014999	1611.000000	0.000000	1.000000
1.260000	3.960000	4.000000	2395.560000	0.016001	1612.000000	0.000000	1.000000
1.340000	3.960000	4.000000	2350.660000	0.014000	1613.000000	0.000000	1.000000
1.400000	4.000000	4.000000	2335.780000	0.013999	1614.000000	0.000000	1.000000
1.560000	3.960000	4.000000	2275.260000	0.013001	1615.000000	0.000000	1.000000
1.640000	3.960000	4.000000	2218.360000	0.013002	1616.000000	0.000000	1.000000
1.700000	4.000000	4.000000	2187.480000	0.012521	1617.000000	0.000000	1.000000
1.860000	3.960000	4.000000	2124.960000	0.012003	1618.000000	0.000000	1.000000
1.940000	3.960000	4.000000	2056.060000	0.012001	1619.000000	0.000000	1.000000
2.000000	4.000000	4.000000	2009.180000	0.010500	1620.000000	0.000000	1.000000
2.160000	3.960000	4.000000	1944.660000	0.011498	1621.000000	0.000000	1.000000
2.240000	3.960000	4.000000	1863.760000	0.009988	1622.000000	0.000000	1.000000
2.300000	4.000000	4.000000	1800.880000	0.010497	1623.000000	0.000000	1.000000
2.460000	3.960000	4.000000	1734.360000	0.008501	1624.000000	0.000000	1.000000
2.540000	3.960000	4.000000	1641.460000	0.007759	1625.000000	0.000000	1.000000
2.600000	4.000000	4.000000	1562.580000	0.007002	1626.000000	0.000000	1.000000
2.760000	3.960000	4.000000	1494.060000	0.006500	1627.000000	0.000000	1.000000
2.840000	3.960000	4.000000	1389.160000	0.006500	1628.000000	0.000000	1.000000
2.900000	4.000000	4.000000	1294.280000	0.006485	1629.000000	0.000000	1.000000
3.060000	3.960000	4.000000	1223.760000	0.005499	1630.000000	0.000000	1.000000
3.140000	3.960000	4.000000	1106.860000	0.005500	1631.000000	0.000000	1.000000
3.200000	4.000000	4.000000	995.980000	0.004501	1632.000000	0.000000	1.000000
3.360000	3.960000	4.000000	923.460000	0.004000	1633.000000	0.000000	1.000000
3.440000	3.960000	4.000000	794.560000	0.003500	1634.000000	0.000000	1.000000
3.500000	4.000000	4.000000	667.680000	0.002994	1635.000000	0.000000	1.000000
3.660000	3.960000	4.000000	593.160000	0.002498	1636.000000	0.000000	1.000000
3.740000	3.960000	4.000000	452.260000	0.002496	1637.000000	0.000000	1.000000
3.800000	4.000000	4.000000	309.380000	0.001006	1638.000000	0.000000	1.000000
3.960000	3.960000	4.000000	232.860000	0.000999	1639.000000	0.000000	1.000000
